EOSMAIN|5368798|2601|2819638
EOSMAIN|5368753|2602|2819639
EOSMAIN|5368721|2603|2819640
EOSMAIN|5365719|2604|2819641
EOSMAIN|5365258|2605|2819642
EOSMAIN|5364600|2606|2819643
EOSMAIN|5364555|2607|2819644
EOSMAIN|5364511|2608|2819645
EOSMAIN|5364455|2609|2819646
EOSMAIN|5364434|2610|2819647
EOSMAIN|5364413|2611|2819648
EOSMAIN|5364368|2612|2819649
EOSMAIN|5364347|2613|2819650
EOSMAIN|5364328|2614|2819651
EOSMAIN|5362625|2615|2819652
EOSMAIN|5362595|2616|2819653
EOSMAIN|5362565|2617|2819654
EOSMAIN|5362535|2618|2819655
EOSMAIN|5362505|2619|2819656
EOSMAIN|5362456|2620|2819657
EOSMAIN|5362425|2621|2819658
EOSMAIN|5362395|2622|2819659
EOSMAIN|5362365|2623|2819660
EOSMAIN|5362346|2624|2819661
EOSMAIN|5362315|2625|2819662
EOSMAIN|5362296|2626|2819663
EOSMAIN|5362265|2627|2819664
EOSMAIN|5360081|2628|2819665
EOSMAIN|5359522|2629|2819666
EOSMAIN|5359502|2630|2819667
EOSMAIN|5359450|2631|2819668
EOSMAIN|5359353|2632|2819669
EOSMAIN|5359288|2633|2819670
EOSMAIN|5358940|2634|2819671
EOSMAIN|5358880|2635|2819672
EOSMAIN|5358850|2636|2819673
EOSMAIN|5358820|2637|2819674
EOSMAIN|5358790|2638|2819675
EOSMAIN|5358762|2639|2819676
EOSMAIN|5358734|2640|2819677
EOSMAIN|5358704|2641|2819678
EOSMAIN|5358544|2642|2819679
EOSMAIN|5358501|2643|2819680
EOSMAIN|5358458|2644|2819681
EOSMAIN|5356986|2645|2819682
EOSMAIN|5356158|2646|2819683
EOSMAIN|5356111|2647|2819684
EOSMAIN|5356067|2648|2819685
EOSMAIN|5356033|2649|2819686
EOSMAIN|5356001|2650|2819687
EOSMAIN|5355981|2651|2819688
EOSMAIN|5354790|2652|2819689
EOSMAIN|5352115|2653|2819690
EOSMAIN|5352094|2654|2819691
EOSMAIN|5352062|2655|2819692
EOSMAIN|5352026|2656|2819693
EOSMAIN|5351981|2657|2819694
EOSMAIN|5351958|2658|2819695
EOSMAIN|5351939|2659|2819696
EOSMAIN|5351894|2660|2819697
EOSMAIN|5351850|2661|2819698
EOSMAIN|5341838|2662|2819699
EOSMAIN|5341807|2663|2819700
EOSMAIN|5341747|2664|2819701
EOSMAIN|5341716|2665|2819702
EOSMAIN|5341686|2666|2819703
EOSMAIN|5341638|2667|2819704
EOSMAIN|5341606|2668|2819705
EOSMAIN|5341570|2669|2819706
EOSMAIN|5341547|2670|2819707
EOSMAIN|5341526|2671|2819708
EOSMAIN|5341509|2672|2819709
EOSMAIN|5341486|2673|2819710
EOSMAIN|5341467|2674|2819711
EOSMAIN|5341448|2675|2819712
EOSMAIN|5341414|2676|2819713
EOSMAIN|5341377|2677|2819714
EOSMAIN|5340860|2678|2819715
EOSMAIN|5339866|2679|2819716
EOSMAIN|5334543|2680|2819717
EOSMAIN|5334468|2681|2819718
EOSMAIN|5334445|2682|2819719
EOSMAIN|5334357|2683|2819720
EOSMAIN|5334332|2684|2819721
EOSMAIN|5334298|2685|2819722
EOSMAIN|5334277|2686|2819723
EOSMAIN|5334233|2687|2819724
EOSMAIN|5334214|2688|2819725
EOSMAIN|5328768|2689|2819726
EOSMAIN|5325865|2690|2819727
EOSMAIN|5325835|2691|2819728
EOSMAIN|5325805|2692|2819729
EOSMAIN|5325775|2693|2819730
EOSMAIN|5325756|2694|2819731
EOSMAIN|5325726|2695|2819732
EOSMAIN|5325696|2696|2819733
EOSMAIN|5325666|2697|2819734
EOSMAIN|5325636|2698|2819735
EOSMAIN|5325587|2699|2819736
EOSMAIN|5325570|2700|2819737
EOSMAIN|5428283|2501|2819538
EOSMAIN|5428264|2502|2819539
EOSMAIN|5428219|2503|2819540
EOSMAIN|5428200|2504|2819541
EOSMAIN|5428181|2505|2819542
EOSMAIN|5428162|2506|2819543
EOSMAIN|5427465|2507|2819544
EOSMAIN|5427435|2508|2819545
EOSMAIN|5427405|2509|2819546
EOSMAIN|5427386|2510|2819547
EOSMAIN|5426218|2511|2819548
EOSMAIN|5419126|2512|2819549
EOSMAIN|5419075|2513|2819550
EOSMAIN|5418593|2514|2819551
EOSMAIN|5418572|2515|2819552
EOSMAIN|5418540|2516|2819553
EOSMAIN|5418441|2517|2819554
EOSMAIN|5418411|2518|2819555
EOSMAIN|5418381|2519|2819556
EOSMAIN|5418351|2520|2819557
EOSMAIN|5418321|2521|2819558
EOSMAIN|5418291|2522|2819559
EOSMAIN|5418261|2523|2819560
EOSMAIN|5418231|2524|2819561
EOSMAIN|5418201|2525|2819562
EOSMAIN|5418171|2526|2819563
EOSMAIN|5418141|2527|2819564
EOSMAIN|5418111|2528|2819565
EOSMAIN|5418081|2529|2819566
EOSMAIN|5418051|2530|2819567
EOSMAIN|5418032|2531|2819568
EOSMAIN|5417945|2532|2819569
EOSMAIN|5417923|2533|2819570
EOSMAIN|5417877|2534|2819571
EOSMAIN|5417844|2535|2819572
EOSMAIN|5417789|2536|2819573
EOSMAIN|5416308|2537|2819574
EOSMAIN|5416263|2538|2819575
EOSMAIN|5416240|2539|2819576
EOSMAIN|5416206|2540|2819577
EOSMAIN|5416168|2541|2819578
EOSMAIN|5416106|2542|2819579
EOSMAIN|5416081|2543|2819580
EOSMAIN|5416058|2544|2819581
EOSMAIN|5415093|2545|2819582
EOSMAIN|5414717|2546|2819583
EOSMAIN|5414687|2547|2819584
EOSMAIN|5414668|2548|2819585
EOSMAIN|5414638|2549|2819586
EOSMAIN|5414608|2550|2819587
EOSMAIN|5414578|2551|2819588
EOSMAIN|5414559|2552|2819589
EOSMAIN|5414530|2553|2819590
EOSMAIN|5414501|2554|2819591
EOSMAIN|5413748|2555|2819592
EOSMAIN|5413105|2556|2819593
EOSMAIN|5412833|2557|2819594
EOSMAIN|5411098|2558|2819595
EOSMAIN|5410134|2559|2819596
EOSMAIN|5410113|2560|2819597
EOSMAIN|5410055|2561|2819598
EOSMAIN|5410023|2562|2819599
EOSMAIN|5409976|2563|2819600
EOSMAIN|5409933|2564|2819601
EOSMAIN|5409901|2565|2819602
EOSMAIN|5409882|2566|2819603
EOSMAIN|5409842|2567|2819604
EOSMAIN|5409784|2568|2819605
EOSMAIN|5409750|2569|2819606
EOSMAIN|5409714|2570|2819607
EOSMAIN|5409671|2571|2819608
EOSMAIN|5409637|2572|2819609
EOSMAIN|5409579|2573|2819610
EOSMAIN|5409549|2574|2819611
EOSMAIN|5408532|2575|2819612
EOSMAIN|5407512|2576|2819613
EOSMAIN|5406202|2577|2819614
EOSMAIN|5406183|2578|2819615
EOSMAIN|5405978|2579|2819616
EOSMAIN|5405940|2580|2819617
EOSMAIN|5405910|2581|2819618
EOSMAIN|5405401|2582|2819619
EOSMAIN|5401599|2583|2819620
EOSMAIN|5401563|2584|2819621
EOSMAIN|5401541|2585|2819622
EOSMAIN|5401124|2586|2819623
EOSMAIN|5397624|2587|2819624
EOSMAIN|5395770|2588|2819625
EOSMAIN|5395628|2589|2819626
EOSMAIN|5395581|2590|2819627
EOSMAIN|5395538|2591|2819628
EOSMAIN|5395519|2592|2819629
EOSMAIN|5393826|2593|2819630
EOSMAIN|5392251|2594|2819631
EOSMAIN|5390224|2595|2819632
EOSMAIN|5387255|2596|2819633
EOSMAIN|5387212|2597|2819634
EOSMAIN|5387167|2598|2819635
EOSMAIN|5381054|2599|2819636
EOSMAIN|5371092|2600|2819637
EOSMAIN|6033809|1801|2818838
EOSMAIN|6033761|1802|2818839
EOSMAIN|6033711|1803|2818840
EOSMAIN|6033663|1804|2818841
EOSMAIN|6033637|1805|2818842
EOSMAIN|6033617|1806|2818843
EOSMAIN|6030683|1807|2818844
EOSMAIN|6030639|1808|2818845
EOSMAIN|6030339|1809|2818846
EOSMAIN|6026861|1810|2818847
EOSMAIN|6026792|1811|2818848
EOSMAIN|6026749|1812|2818849
EOSMAIN|6026715|1813|2818850
EOSMAIN|6026670|1814|2818851
EOSMAIN|6023116|1815|2818852
EOSMAIN|6022961|1816|2818853
EOSMAIN|6018968|1817|2818854
EOSMAIN|6018294|1818|2818855
EOSMAIN|6017039|1819|2818856
EOSMAIN|6016915|1820|2818857
EOSMAIN|6016841|1821|2818858
EOSMAIN|6016795|1822|2818859
EOSMAIN|6016760|1823|2818860
EOSMAIN|6016727|1824|2818861
EOSMAIN|6016675|1825|2818862
EOSMAIN|6008365|1826|2818863
EOSMAIN|6008317|1827|2818864
EOSMAIN|6008258|1828|2818865
EOSMAIN|6008179|1829|2818866
EOSMAIN|6008140|1830|2818867
EOSMAIN|6008103|1831|2818868
EOSMAIN|6008057|1832|2818869
EOSMAIN|6007996|1833|2818870
EOSMAIN|6007876|1834|2818871
EOSMAIN|6007842|1835|2818872
EOSMAIN|6002977|1836|2818873
EOSMAIN|6002099|1837|2818874
EOSMAIN|5992565|1838|2818875
EOSMAIN|5992473|1839|2818876
EOSMAIN|5992403|1840|2818877
EOSMAIN|5992333|1841|2818878
EOSMAIN|5991142|1842|2818879
EOSMAIN|5991110|1843|2818880
EOSMAIN|5991061|1844|2818881
EOSMAIN|5991026|1845|2818882
EOSMAIN|5990991|1846|2818883
EOSMAIN|5990930|1847|2818884
EOSMAIN|5989546|1848|2818885
EOSMAIN|5989514|1849|2818886
EOSMAIN|5989354|1850|2818887
EOSMAIN|5989328|1851|2818888
EOSMAIN|5989279|1852|2818889
EOSMAIN|5989229|1853|2818890
EOSMAIN|5989194|1854|2818891
EOSMAIN|5989028|1855|2818892
EOSMAIN|5988885|1856|2818893
EOSMAIN|5985965|1857|2818894
EOSMAIN|5985875|1858|2818895
EOSMAIN|5984260|1859|2818896
EOSMAIN|5981576|1860|2818897
EOSMAIN|5980009|1861|2818898
EOSMAIN|5979279|1862|2818899
EOSMAIN|5971836|1863|2818900
EOSMAIN|5971805|1864|2818901
EOSMAIN|5970971|1865|2818902
EOSMAIN|5970438|1866|2818903
EOSMAIN|5970337|1867|2818904
EOSMAIN|5970291|1868|2818905
EOSMAIN|5970258|1869|2818906
EOSMAIN|5970226|1870|2818907
EOSMAIN|5969536|1871|2818908
EOSMAIN|5969513|1872|2818909
EOSMAIN|5968961|1873|2818910
EOSMAIN|5968939|1874|2818911
EOSMAIN|5968889|1875|2818912
EOSMAIN|5968852|1876|2818913
EOSMAIN|5968826|1877|2818914
EOSMAIN|5968776|1878|2818915
EOSMAIN|5968748|1879|2818916
EOSMAIN|5968724|1880|2818917
EOSMAIN|5966333|1881|2818918
EOSMAIN|5966302|1882|2818919
EOSMAIN|5965184|1883|2818920
EOSMAIN|5965149|1884|2818921
EOSMAIN|5963295|1885|2818922
EOSMAIN|5963247|1886|2818923
EOSMAIN|5963205|1887|2818924
EOSMAIN|5963170|1888|2818925
EOSMAIN|5959677|1889|2818926
EOSMAIN|5959627|1890|2818927
EOSMAIN|5959566|1891|2818928
EOSMAIN|5959520|1892|2818929
EOSMAIN|5959492|1893|2818930
EOSMAIN|5959468|1894|2818931
EOSMAIN|5959433|1895|2818932
EOSMAIN|5957336|1896|2818933
EOSMAIN|5956152|1897|2818934
EOSMAIN|5956132|1898|2818935
EOSMAIN|5956112|1899|2818936
EOSMAIN|5956081|1900|2818937
EOSMAIN|6216967|1701|2818738
EOSMAIN|6216740|1702|2818739
EOSMAIN|6216713|1703|2818740
EOSMAIN|6216664|1704|2818741
EOSMAIN|6216615|1705|2818742
EOSMAIN|6216504|1706|2818743
EOSMAIN|6212639|1707|2818744
EOSMAIN|6211172|1708|2818745
EOSMAIN|6203104|1709|2818746
EOSMAIN|6203079|1710|2818747
EOSMAIN|6197587|1711|2818748
EOSMAIN|6197372|1712|2818749
EOSMAIN|6197316|1713|2818750
EOSMAIN|6197190|1714|2818751
EOSMAIN|6196989|1715|2818752
EOSMAIN|6196952|1716|2818753
EOSMAIN|6196918|1717|2818754
EOSMAIN|6196060|1718|2818755
EOSMAIN|6196040|1719|2818756
EOSMAIN|6196006|1720|2818757
EOSMAIN|6195940|1721|2818758
EOSMAIN|6195909|1722|2818759
EOSMAIN|6195877|1723|2818760
EOSMAIN|6195813|1724|2818761
EOSMAIN|6195719|1725|2818762
EOSMAIN|6194389|1726|2818763
EOSMAIN|6194344|1727|2818764
EOSMAIN|6194324|1728|2818765
EOSMAIN|6193424|1729|2818766
EOSMAIN|6191489|1730|2818767
EOSMAIN|6191318|1731|2818768
EOSMAIN|6190240|1732|2818769
EOSMAIN|6190179|1733|2818770
EOSMAIN|6190144|1734|2818771
EOSMAIN|6190015|1735|2818772
EOSMAIN|6189656|1736|2818773
EOSMAIN|6186905|1737|2818774
EOSMAIN|6186711|1738|2818775
EOSMAIN|6186663|1739|2818776
EOSMAIN|6186630|1740|2818777
EOSMAIN|6183249|1741|2818778
EOSMAIN|6183157|1742|2818779
EOSMAIN|6183139|1743|2818780
EOSMAIN|6181839|1744|2818781
EOSMAIN|6180810|1745|2818782
EOSMAIN|6179288|1746|2818783
EOSMAIN|6178675|1747|2818784
EOSMAIN|6178082|1748|2818785
EOSMAIN|6170292|1749|2818786
EOSMAIN|6164453|1750|2818787
EOSMAIN|6164428|1751|2818788
EOSMAIN|6157711|1752|2818789
EOSMAIN|6148119|1753|2818790
EOSMAIN|6140307|1754|2818791
EOSMAIN|6137129|1755|2818792
EOSMAIN|6117115|1756|2818793
EOSMAIN|6112807|1757|2818794
EOSMAIN|6112777|1758|2818795
EOSMAIN|6111107|1759|2818796
EOSMAIN|6111087|1760|2818797
EOSMAIN|6104133|1761|2818798
EOSMAIN|6103994|1762|2818799
EOSMAIN|6103894|1763|2818800
EOSMAIN|6103858|1764|2818801
EOSMAIN|6103825|1765|2818802
EOSMAIN|6103800|1766|2818803
EOSMAIN|6103753|1767|2818804
EOSMAIN|6103678|1768|2818805
EOSMAIN|6103634|1769|2818806
EOSMAIN|6103612|1770|2818807
EOSMAIN|6103588|1771|2818808
EOSMAIN|6103177|1772|2818809
EOSMAIN|6100094|1773|2818810
EOSMAIN|6100075|1774|2818811
EOSMAIN|6100056|1775|2818812
EOSMAIN|6098646|1776|2818813
EOSMAIN|6096568|1777|2818814
EOSMAIN|6087116|1778|2818815
EOSMAIN|6078369|1779|2818816
EOSMAIN|6072712|1780|2818817
EOSMAIN|6072677|1781|2818818
EOSMAIN|6072567|1782|2818819
EOSMAIN|6068097|1783|2818820
EOSMAIN|6067129|1784|2818821
EOSMAIN|6060045|1785|2818822
EOSMAIN|6056320|1786|2818823
EOSMAIN|6054948|1787|2818824
EOSMAIN|6047538|1788|2818825
EOSMAIN|6047506|1789|2818826
EOSMAIN|6047467|1790|2818827
EOSMAIN|6047417|1791|2818828
EOSMAIN|6047391|1792|2818829
EOSMAIN|6047287|1793|2818830
EOSMAIN|6036369|1794|2818831
EOSMAIN|6036347|1795|2818832
EOSMAIN|6036325|1796|2818833
EOSMAIN|6036304|1797|2818834
EOSMAIN|6033908|1798|2818835
EOSMAIN|6033876|1799|2818836
EOSMAIN|6033844|1800|2818837
EOSMAIN|22416944|1201|2818238
EOSMAIN|22413166|1202|2818239
EOSMAIN|22409022|1203|2818240
EOSMAIN|22371930|1204|2818241
EOSMAIN|22301444|1205|2818242
EOSMAIN|22300387|1206|2818243
EOSMAIN|22298546|1207|2818244
EOSMAIN|22279325|1208|2818245
EOSMAIN|22231821|1209|2818246
EOSMAIN|22231681|1210|2818247
EOSMAIN|22218040|1211|2818248
EOSMAIN|22211821|1212|2818249
EOSMAIN|22211786|1213|2818250
EOSMAIN|22211750|1214|2818251
EOSMAIN|22206950|1215|2818252
EOSMAIN|22204136|1216|2818253
EOSMAIN|22203917|1217|2818254
EOSMAIN|22203616|1218|2818255
EOSMAIN|22203554|1219|2818256
EOSMAIN|22200195|1220|2818257
EOSMAIN|22164985|1221|2818258
EOSMAIN|22141552|1222|2818259
EOSMAIN|22141468|1223|2818260
EOSMAIN|22141381|1224|2818261
EOSMAIN|22141212|1225|2818262
EOSMAIN|22137617|1226|2818263
EOSMAIN|22136654|1227|2818264
EOSMAIN|22128982|1228|2818265
EOSMAIN|22119755|1229|2818266
EOSMAIN|22119489|1230|2818267
EOSMAIN|22115601|1231|2818268
EOSMAIN|22112821|1232|2818269
EOSMAIN|20809561|1233|2818270
EOSMAIN|20770500|1234|2818271
EOSMAIN|20763311|1235|2818272
EOSMAIN|20762176|1236|2818273
EOSMAIN|20753185|1237|2818274
EOSMAIN|20748634|1238|2818275
EOSMAIN|20734686|1239|2818276
EOSMAIN|20724562|1240|2818277
EOSMAIN|20722631|1241|2818278
EOSMAIN|20722329|1242|2818279
EOSMAIN|20671217|1243|2818280
EOSMAIN|20666077|1244|2818281
EOSMAIN|20666047|1245|2818282
EOSMAIN|20665725|1246|2818283
EOSMAIN|19312378|1247|2818284
EOSMAIN|19287768|1248|2818285
EOSMAIN|19285577|1249|2818286
EOSMAIN|19227133|1250|2818287
EOSMAIN|19224514|1251|2818288
EOSMAIN|19221617|1252|2818289
EOSMAIN|19212123|1253|2818290
EOSMAIN|19207414|1254|2818291
EOSMAIN|19207391|1255|2818292
EOSMAIN|19190784|1256|2818293
EOSMAIN|19184563|1257|2818294
EOSMAIN|19184463|1258|2818295
EOSMAIN|19184357|1259|2818296
EOSMAIN|19184286|1260|2818297
EOSMAIN|19184149|1261|2818298
EOSMAIN|19183972|1262|2818299
EOSMAIN|19183921|1263|2818300
EOSMAIN|19183875|1264|2818301
EOSMAIN|19183702|1265|2818302
EOSMAIN|19183629|1266|2818303
EOSMAIN|19106234|1267|2818304
EOSMAIN|19083788|1268|2818305
EOSMAIN|17869504|1269|2818306
EOSMAIN|17850139|1270|2818307
EOSMAIN|17849999|1271|2818308
EOSMAIN|17848254|1272|2818309
EOSMAIN|17833361|1273|2818310
EOSMAIN|17812951|1274|2818311
EOSMAIN|17812928|1275|2818312
EOSMAIN|17812899|1276|2818313
EOSMAIN|17793338|1277|2818314
EOSMAIN|17793182|1278|2818315
EOSMAIN|17793156|1279|2818316
EOSMAIN|17761422|1280|2818317
EOSMAIN|17760693|1281|2818318
EOSMAIN|17760478|1282|2818319
EOSMAIN|17760384|1283|2818320
EOSMAIN|17760316|1284|2818321
EOSMAIN|17760235|1285|2818322
EOSMAIN|17760159|1286|2818323
EOSMAIN|17646253|1287|2818324
EOSMAIN|17637316|1288|2818325
EOSMAIN|17637138|1289|2818326
EOSMAIN|17619143|1290|2818327
EOSMAIN|17585161|1291|2818328
EOSMAIN|17575061|1292|2818329
EOSMAIN|17563119|1293|2818330
EOSMAIN|17551907|1294|2818331
EOSMAIN|17551753|1295|2818332
EOSMAIN|17551618|1296|2818333
EOSMAIN|17551315|1297|2818334
EOSMAIN|17551007|1298|2818335
EOSMAIN|17550602|1299|2818336
EOSMAIN|17550419|1300|2818337
EOSMAIN|22745526|1101|2818138
EOSMAIN|22739119|1102|2818139
EOSMAIN|22732040|1103|2818140
EOSMAIN|22731957|1104|2818141
EOSMAIN|22694250|1105|2818142
EOSMAIN|22739489|1106|2818143
EOSMAIN|22733815|1107|2818144
EOSMAIN|22733609|1108|2818145
EOSMAIN|22733486|1109|2818146
EOSMAIN|22733387|1110|2818147
EOSMAIN|22733519|1111|2818148
EOSMAIN|22727308|1112|2818149
EOSMAIN|22682221|1113|2818150
EOSMAIN|22694739|1114|2818151
EOSMAIN|22682057|1115|2818152
EOSMAIN|22676889|1116|2818153
EOSMAIN|22676850|1117|2818154
EOSMAIN|22671746|1118|2818155
EOSMAIN|22671316|1119|2818156
EOSMAIN|22671285|1120|2818157
EOSMAIN|22671119|1121|2818158
EOSMAIN|22660408|1122|2818159
EOSMAIN|22658104|1123|2818160
EOSMAIN|22648494|1124|2818161
EOSMAIN|22618842|1125|2818162
EOSMAIN|22618055|1126|2818163
EOSMAIN|22615646|1127|2818164
EOSMAIN|22608962|1128|2818165
EOSMAIN|22607088|1129|2818166
EOSMAIN|22605380|1130|2818167
EOSMAIN|22605339|1131|2818168
EOSMAIN|22604011|1132|2818169
EOSMAIN|22602508|1133|2818170
EOSMAIN|22596702|1134|2818171
EOSMAIN|22596669|1135|2818172
EOSMAIN|22594980|1136|2818173
EOSMAIN|22594895|1137|2818174
EOSMAIN|22588296|1138|2818175
EOSMAIN|22588102|1139|2818176
EOSMAIN|22586197|1140|2818177
EOSMAIN|22583529|1141|2818178
EOSMAIN|22582549|1142|2818179
EOSMAIN|22582521|1143|2818180
EOSMAIN|22582436|1144|2818181
EOSMAIN|22576082|1145|2818182
EOSMAIN|22575893|1146|2818183
EOSMAIN|22575537|1147|2818184
EOSMAIN|22575352|1148|2818185
EOSMAIN|22575325|1149|2818186
EOSMAIN|22574626|1150|2818187
EOSMAIN|22567309|1151|2818188
EOSMAIN|22566669|1152|2818189
EOSMAIN|22566635|1153|2818190
EOSMAIN|22565894|1154|2818191
EOSMAIN|22565847|1155|2818192
EOSMAIN|22563192|1156|2818193
EOSMAIN|22562813|1157|2818194
EOSMAIN|22562780|1158|2818195
EOSMAIN|22538165|1159|2818196
EOSMAIN|22538004|1160|2818197
EOSMAIN|22537944|1161|2818198
EOSMAIN|22532620|1162|2818199
EOSMAIN|22532606|1163|2818200
EOSMAIN|22529174|1164|2818201
EOSMAIN|22526690|1165|2818202
EOSMAIN|22524692|1166|2818203
EOSMAIN|22524641|1167|2818204
EOSMAIN|22521663|1168|2818205
EOSMAIN|22517609|1169|2818206
EOSMAIN|22516839|1170|2818207
EOSMAIN|22499472|1171|2818208
EOSMAIN|22485342|1172|2818209
EOSMAIN|22480938|1173|2818210
EOSMAIN|22468939|1174|2818211
EOSMAIN|22468874|1175|2818212
EOSMAIN|22468603|1176|2818213
EOSMAIN|22468221|1177|2818214
EOSMAIN|22465294|1178|2818215
EOSMAIN|22461965|1179|2818216
EOSMAIN|22452631|1180|2818217
EOSMAIN|22452396|1181|2818218
EOSMAIN|22452321|1182|2818219
EOSMAIN|22450145|1183|2818220
EOSMAIN|22448189|1184|2818221
EOSMAIN|22448131|1185|2818222
EOSMAIN|22448039|1186|2818223
EOSMAIN|22446470|1187|2818224
EOSMAIN|22446381|1188|2818225
EOSMAIN|22446147|1189|2818226
EOSMAIN|22445557|1190|2818227
EOSMAIN|22443898|1191|2818228
EOSMAIN|22443876|1192|2818229
EOSMAIN|22443816|1193|2818230
EOSMAIN|22442860|1194|2818231
EOSMAIN|22442184|1195|2818232
EOSMAIN|22430320|1196|2818233
EOSMAIN|22419900|1197|2818234
EOSMAIN|22419772|1198|2818235
EOSMAIN|22418799|1199|2818236
EOSMAIN|22416976|1200|2818237
EOSMAIN|5221485|2901|2819938
EOSMAIN|5221441|2902|2819939
EOSMAIN|5221392|2903|2819940
EOSMAIN|5221360|2904|2819941
EOSMAIN|5221329|2905|2819942
EOSMAIN|5221311|2906|2819943
EOSMAIN|5221282|2907|2819944
EOSMAIN|5221226|2908|2819945
EOSMAIN|5221207|2909|2819946
EOSMAIN|5221112|2910|2819947
EOSMAIN|5221092|2911|2819948
EOSMAIN|5221048|2912|2819949
EOSMAIN|5220974|2913|2819950
EOSMAIN|5220956|2914|2819951
EOSMAIN|5220925|2915|2819952
EOSMAIN|5220903|2916|2819953
EOSMAIN|5220861|2917|2819954
EOSMAIN|5220817|2918|2819955
EOSMAIN|5220799|2919|2819956
EOSMAIN|5220766|2920|2819957
EOSMAIN|5220746|2921|2819958
EOSMAIN|5220689|2922|2819959
EOSMAIN|5220671|2923|2819960
EOSMAIN|5220651|2924|2819961
EOSMAIN|5220633|2925|2819962
EOSMAIN|5220615|2926|2819963
EOSMAIN|5220582|2927|2819964
EOSMAIN|5220551|2928|2819965
EOSMAIN|5220522|2929|2819966
EOSMAIN|5220504|2930|2819967
EOSMAIN|5220473|2931|2819968
EOSMAIN|5220442|2932|2819969
EOSMAIN|5220409|2933|2819970
EOSMAIN|5220323|2934|2819971
EOSMAIN|5220305|2935|2819972
EOSMAIN|5220286|2936|2819973
EOSMAIN|5220242|2937|2819974
EOSMAIN|5220146|2938|2819975
EOSMAIN|5220127|2939|2819976
EOSMAIN|5220014|2940|2819977
EOSMAIN|5219985|2941|2819978
EOSMAIN|5219955|2942|2819979
EOSMAIN|5219888|2943|2819980
EOSMAIN|5219859|2944|2819981
EOSMAIN|5219804|2945|2819982
EOSMAIN|5219786|2946|2819983
EOSMAIN|5219736|2947|2819984
EOSMAIN|5219716|2948|2819985
EOSMAIN|5219685|2949|2819986
EOSMAIN|5219663|2950|2819987
EOSMAIN|5219595|2951|2819988
EOSMAIN|5219496|2952|2819989
EOSMAIN|5219423|2953|2819990
EOSMAIN|5219377|2954|2819991
EOSMAIN|5219358|2955|2819992
EOSMAIN|5219295|2956|2819993
EOSMAIN|5219264|2957|2819994
EOSMAIN|5219233|2958|2819995
EOSMAIN|5219215|2959|2819996
EOSMAIN|5219162|2960|2819997
EOSMAIN|5219144|2961|2819998
EOSMAIN|5219126|2962|2819999
EOSMAIN|5219108|2963|2820000
EOSMAIN|5219064|2964|2820001
EOSMAIN|5219002|2965|2820002
EOSMAIN|5218960|2966|2820003
EOSMAIN|5218858|2967|2820004
EOSMAIN|5218803|2968|2820005
EOSMAIN|5218783|2969|2820006
EOSMAIN|5218734|2970|2820007
EOSMAIN|5218701|2971|2820008
EOSMAIN|5218670|2972|2820009
EOSMAIN|5218641|2973|2820010
EOSMAIN|5218582|2974|2820011
EOSMAIN|5218553|2975|2820012
EOSMAIN|5218535|2976|2820013
EOSMAIN|5218516|2977|2820014
EOSMAIN|5218474|2978|2820015
EOSMAIN|5218454|2979|2820016
EOSMAIN|5218394|2980|2820017
EOSMAIN|5218324|2981|2820018
EOSMAIN|5218306|2982|2820019
EOSMAIN|5218275|2983|2820020
EOSMAIN|5218244|2984|2820021
EOSMAIN|5218225|2985|2820022
EOSMAIN|5218196|2986|2820023
EOSMAIN|5218176|2987|2820024
EOSMAIN|5218134|2988|2820025
EOSMAIN|5218104|2989|2820026
EOSMAIN|5218069|2990|2820027
EOSMAIN|5218005|2991|2820028
EOSMAIN|5217987|2992|2820029
EOSMAIN|5217945|2993|2820030
EOSMAIN|5217820|2994|2820031
EOSMAIN|5217744|2995|2820032
EOSMAIN|5217709|2996|2820033
EOSMAIN|5217680|2997|2820034
EOSMAIN|5217657|2998|2820035
EOSMAIN|5217599|2999|2820036
EOSMAIN|5217539|3000|2820037
EOSMAIN|5217508|3001|2820038
EOSMAIN|5217466|3002|2820039
EOSMAIN|5217437|3003|2820040
EOSMAIN|5217408|3004|2820041
EOSMAIN|5217362|3005|2820042
EOSMAIN|5217333|3006|2820043
EOSMAIN|5217313|3007|2820044
EOSMAIN|5217296|3008|2820045
EOSMAIN|5217278|3009|2820046
EOSMAIN|5217260|3010|2820047
EOSMAIN|5217187|3011|2820048
EOSMAIN|5217158|3012|2820049
EOSMAIN|5217140|3013|2820050
EOSMAIN|5217109|3014|2820051
EOSMAIN|5216887|3015|2820052
EOSMAIN|5216871|3016|2820053
EOSMAIN|5216840|3017|2820054
EOSMAIN|5216811|3018|2820055
EOSMAIN|5216796|3019|2820056
EOSMAIN|5216752|3020|2820057
EOSMAIN|5216734|3021|2820058
EOSMAIN|5216717|3022|2820059
EOSMAIN|5216699|3023|2820060
EOSMAIN|5216657|3024|2820061
EOSMAIN|5216587|3025|2820062
EOSMAIN|5216540|3026|2820063
EOSMAIN|5216524|3027|2820064
EOSMAIN|5216508|3028|2820065
EOSMAIN|5216491|3029|2820066
EOSMAIN|5216462|3030|2820067
EOSMAIN|5216433|3031|2820068
EOSMAIN|5216404|3032|2820069
EOSMAIN|5216362|3033|2820070
EOSMAIN|5216345|3034|2820071
EOSMAIN|5216328|3035|2820072
EOSMAIN|5216299|3036|2820073
EOSMAIN|5216283|3037|2820074
EOSMAIN|5216254|3038|2820075
EOSMAIN|5216236|3039|2820076
EOSMAIN|5216218|3040|2820077
EOSMAIN|5216200|3041|2820078
EOSMAIN|5216182|3042|2820079
EOSMAIN|5216153|3043|2820080
EOSMAIN|5216135|3044|2820081
EOSMAIN|5216117|3045|2820082
EOSMAIN|5216088|3046|2820083
EOSMAIN|5216072|3047|2820084
EOSMAIN|5216043|3048|2820085
EOSMAIN|5215956|3049|2820086
EOSMAIN|5215927|3050|2820087
EOSMAIN|5215899|3051|2820088
EOSMAIN|5215854|3052|2820089
EOSMAIN|5215784|3053|2820090
EOSMAIN|5215741|3054|2820091
EOSMAIN|5215713|3055|2820092
EOSMAIN|5213331|3056|2820093
EOSMAIN|5213071|3057|2820094
EOSMAIN|5207249|3058|2820095
EOSMAIN|5204086|3059|2820096
EOSMAIN|5200113|3060|2820097
EOSMAIN|5152770|3061|2820098
EOSMAIN|5152117|3062|2820099
EOSMAIN|5146000|3063|2820100
EOSMAIN|5140523|3064|2820101
EOSMAIN|5137881|3065|2820102
EOSMAIN|5128314|3066|2820103
EOSMAIN|5128267|3067|2820104
EOSMAIN|5128238|3068|2820105
EOSMAIN|5114179|3069|2820106
EOSMAIN|5110654|3070|2820107
EOSMAIN|5110527|3071|2820108
EOSMAIN|5110498|3072|2820109
EOSMAIN|5110283|3073|2820110
EOSMAIN|5110078|3074|2820111
EOSMAIN|5095962|3075|2820112
EOSMAIN|5095901|3076|2820113
EOSMAIN|5093641|3077|2820114
EOSMAIN|5081934|3078|2820115
EOSMAIN|5073450|3079|2820116
EOSMAIN|5073054|3080|2820117
EOSMAIN|5071144|3081|2820118
EOSMAIN|5066942|3082|2820119
EOSMAIN|5066767|3083|2820120
EOSMAIN|5061272|3084|2820121
EOSMAIN|5059017|3085|2820122
EOSMAIN|5058965|3086|2820123
EOSMAIN|5058944|3087|2820124
EOSMAIN|5058923|3088|2820125
EOSMAIN|5058891|3089|2820126
EOSMAIN|5056890|3090|2820127
EOSMAIN|5056307|3091|2820128
EOSMAIN|5055173|3092|2820129
EOSMAIN|5050306|3093|2820130
EOSMAIN|5049962|3094|2820131
EOSMAIN|5049932|3095|2820132
EOSMAIN|5049874|3096|2820133
EOSMAIN|5049844|3097|2820134
EOSMAIN|5049827|3098|2820135
EOSMAIN|5049799|3099|2820136
EOSMAIN|5049771|3100|2820137
EOSMAIN|17871911|301|2817338
EOSMAIN|15105601|302|2817339
EOSMAIN|13943332|303|2817340
EOSMAIN|12781383|304|2817341
EOSMAIN|9478376|305|2817342
EOSMAIN|9437338|306|2817343
EOSMAIN|8334824|307|2817344
EOSMAIN|8334789|308|2817345
EOSMAIN|6484026|309|2817346
EOSMAIN|6475328|310|2817347
EOSMAIN|6425216|311|2817348
EOSMAIN|6377061|312|2817349
EOSMAIN|6377032|313|2817350
EOSMAIN|6119277|314|2817351
EOSMAIN|6094204|315|2817352
EOSMAIN|6058514|316|2817353
EOSMAIN|5965055|317|2817354
EOSMAIN|5933125|318|2817355
EOSMAIN|5904965|319|2817356
EOSMAIN|5903427|320|2817357
EOSMAIN|5902941|321|2817358
EOSMAIN|5902920|322|2817359
EOSMAIN|5856531|323|2817360
EOSMAIN|5833962|324|2817361
EOSMAIN|5832851|325|2817362
EOSMAIN|5829401|326|2817363
EOSMAIN|5806122|327|2817364
EOSMAIN|5795487|328|2817365
EOSMAIN|5790193|329|2817366
EOSMAIN|5768603|330|2817367
EOSMAIN|5682523|331|2817368
EOSMAIN|5612748|332|2817369
EOSMAIN|5592027|333|2817370
EOSMAIN|5584424|334|2817371
EOSMAIN|5557403|335|2817372
EOSMAIN|5549970|336|2817373
EOSMAIN|5312784|337|2817374
EOSMAIN|5312707|338|2817375
EOSMAIN|5216856|339|2817376
EOSMAIN|5176511|340|2817377
EOSMAIN|5550746|341|2817378
EOSMAIN|5265456|342|2817379
EOSMAIN|5393299|343|2817380
EOSMAIN|5458506|344|2817381
EOSMAIN|5590110|345|2817382
EOSMAIN|5462743|346|2817383
EOSMAIN|5475770|347|2817384
EOSMAIN|17543017|348|2817385
EOSMAIN|17542970|349|2817386
EOSMAIN|6363424|350|2817387
EOSMAIN|6363392|351|2817388
EOSMAIN|6363360|352|2817389
EOSMAIN|6363328|353|2817390
EOSMAIN|6264881|354|2817391
EOSMAIN|6023188|355|2817392
EOSMAIN|17343964|356|2817393
EOSMAIN|22729232|357|2817394
EOSMAIN|22666878|358|2817395
EOSMAIN|22603861|359|2817396
EOSMAIN|22603828|360|2817397
EOSMAIN|22603143|361|2817398
EOSMAIN|22588240|362|2817399
EOSMAIN|22568741|363|2817400
EOSMAIN|22565983|364|2817401
EOSMAIN|22532705|365|2817402
EOSMAIN|22532691|366|2817403
EOSMAIN|22532678|367|2817404
EOSMAIN|22532651|368|2817405
EOSMAIN|22526156|369|2817406
EOSMAIN|22525265|370|2817407
EOSMAIN|22525253|371|2817408
EOSMAIN|22508860|372|2817409
EOSMAIN|22470193|373|2817410
EOSMAIN|22410636|374|2817411
EOSMAIN|22409002|375|2817412
EOSMAIN|22405017|376|2817413
EOSMAIN|22211651|377|2817414
EOSMAIN|20681647|378|2817415
EOSMAIN|17884215|379|2817416
EOSMAIN|17871595|380|2817417
EOSMAIN|17759901|381|2817418
EOSMAIN|17545823|382|2817419
EOSMAIN|17404532|383|2817420
EOSMAIN|17375285|384|2817421
EOSMAIN|17341311|385|2817422
EOSMAIN|12870626|386|2817423
EOSMAIN|12788487|387|2817424
EOSMAIN|12781482|388|2817425
EOSMAIN|12776146|389|2817426
EOSMAIN|12775238|390|2817427
EOSMAIN|6481798|391|2817428
EOSMAIN|6412431|392|2817429
EOSMAIN|6363530|393|2817430
EOSMAIN|6349038|394|2817431
EOSMAIN|6349019|395|2817432
EOSMAIN|6348999|396|2817433
EOSMAIN|6291499|397|2817434
EOSMAIN|6290058|398|2817435
EOSMAIN|6288681|399|2817436
EOSMAIN|6288541|400|2817437
EOSMAIN|6288414|401|2817438
EOSMAIN|6288395|402|2817439
EOSMAIN|6287024|403|2817440
EOSMAIN|6242596|404|2817441
EOSMAIN|6240243|405|2817442
EOSMAIN|6240190|406|2817443
EOSMAIN|6228150|407|2817444
EOSMAIN|6224773|408|2817445
EOSMAIN|6191466|409|2817446
EOSMAIN|6183299|410|2817447
EOSMAIN|6183282|411|2817448
EOSMAIN|6146061|412|2817449
EOSMAIN|6135321|413|2817450
EOSMAIN|6135289|414|2817451
EOSMAIN|6135216|415|2817452
EOSMAIN|6100113|416|2817453
EOSMAIN|6067077|417|2817454
EOSMAIN|6067039|418|2817455
EOSMAIN|6047232|419|2817456
EOSMAIN|6039296|420|2817457
EOSMAIN|6023095|421|2817458
EOSMAIN|6016654|422|2817459
EOSMAIN|6007797|423|2817460
EOSMAIN|6007776|424|2817461
EOSMAIN|5990844|425|2817462
EOSMAIN|5988797|426|2817463
EOSMAIN|5965101|427|2817464
EOSMAIN|5965034|428|2817465
EOSMAIN|5927175|429|2817466
EOSMAIN|5910996|430|2817467
EOSMAIN|5905005|431|2817468
EOSMAIN|5904984|432|2817469
EOSMAIN|5901159|433|2817470
EOSMAIN|5899818|434|2817471
EOSMAIN|5891383|435|2817472
EOSMAIN|5875088|436|2817473
EOSMAIN|5873017|437|2817474
EOSMAIN|5864062|438|2817475
EOSMAIN|5862912|439|2817476
EOSMAIN|5844612|440|2817477
EOSMAIN|5829507|441|2817478
EOSMAIN|5822487|442|2817479
EOSMAIN|5822472|443|2817480
EOSMAIN|5822457|444|2817481
EOSMAIN|5810367|445|2817482
EOSMAIN|5806143|446|2817483
EOSMAIN|5805811|447|2817484
EOSMAIN|5805256|448|2817485
EOSMAIN|5796406|449|2817486
EOSMAIN|5795553|450|2817487
EOSMAIN|5790138|451|2817488
EOSMAIN|5790116|452|2817489
EOSMAIN|5790095|453|2817490
EOSMAIN|5768660|454|2817491
EOSMAIN|5765916|455|2817492
EOSMAIN|5763288|456|2817493
EOSMAIN|5744283|457|2817494
EOSMAIN|5720169|458|2817495
EOSMAIN|5695673|459|2817496
EOSMAIN|5671544|460|2817497
EOSMAIN|5605496|461|2817498
EOSMAIN|5592105|462|2817499
EOSMAIN|5592086|463|2817500
EOSMAIN|5592046|464|2817501
EOSMAIN|5586734|465|2817502
EOSMAIN|5584172|466|2817503
EOSMAIN|5569468|467|2817504
EOSMAIN|5569448|468|2817505
EOSMAIN|5569427|469|2817506
EOSMAIN|5569395|470|2817507
EOSMAIN|5562983|471|2817508
EOSMAIN|5545486|472|2817509
EOSMAIN|5544732|473|2817510
EOSMAIN|5544449|474|2817511
EOSMAIN|5489924|475|2817512
EOSMAIN|5489908|476|2817513
EOSMAIN|5486899|477|2817514
EOSMAIN|5476656|478|2817515
EOSMAIN|5462876|479|2817516
EOSMAIN|5440586|480|2817517
EOSMAIN|5440572|481|2817518
EOSMAIN|5440558|482|2817519
EOSMAIN|5440528|483|2817520
EOSMAIN|5432546|484|2817521
EOSMAIN|5355966|485|2817522
EOSMAIN|5284338|486|2817523
EOSMAIN|5283789|487|2817524
EOSMAIN|5283469|488|2817525
EOSMAIN|5261038|489|2817526
EOSMAIN|5218752|490|2817527
EOSMAIN|5216782|491|2817528
EOSMAIN|5216058|492|2817529
EOSMAIN|5215727|493|2817530
EOSMAIN|5742080|494|2817531
EOSMAIN|5742101|495|2817532
EOSMAIN|5742159|496|2817533
EOSMAIN|5742196|497|2817534
EOSMAIN|5742267|498|2817535
EOSMAIN|5795720|499|2817536
EOSMAIN|5037512|500|2817537
EOSMAIN|6426641|801|2817838
EOSMAIN|6425235|802|2817839
EOSMAIN|6424963|803|2817840
EOSMAIN|6416947|804|2817841
EOSMAIN|6416907|805|2817842
EOSMAIN|6416709|806|2817843
EOSMAIN|6403413|807|2817844
EOSMAIN|6369376|808|2817845
EOSMAIN|6359955|809|2817846
EOSMAIN|6323867|810|2817847
EOSMAIN|6323057|811|2817848
EOSMAIN|6291480|812|2817849
EOSMAIN|6290077|813|2817850
EOSMAIN|6289446|814|2817851
EOSMAIN|6288522|815|2817852
EOSMAIN|6288431|816|2817853
EOSMAIN|6286986|817|2817854
EOSMAIN|6264942|818|2817855
EOSMAIN|6264759|819|2817856
EOSMAIN|6257447|820|2817857
EOSMAIN|6257425|821|2817858
EOSMAIN|6257185|822|2817859
EOSMAIN|6257165|823|2817860
EOSMAIN|6257145|824|2817861
EOSMAIN|6257075|825|2817862
EOSMAIN|6242696|826|2817863
EOSMAIN|6242475|827|2817864
EOSMAIN|6239411|828|2817865
EOSMAIN|6228498|829|2817866
EOSMAIN|6228417|830|2817867
EOSMAIN|6228017|831|2817868
EOSMAIN|6227823|832|2817869
EOSMAIN|6227792|833|2817870
EOSMAIN|6219161|834|2817871
EOSMAIN|6216540|835|2817872
EOSMAIN|6209959|836|2817873
EOSMAIN|6197427|837|2817874
EOSMAIN|6197401|838|2817875
EOSMAIN|6196847|839|2817876
EOSMAIN|6195845|840|2817877
EOSMAIN|6194439|841|2817878
EOSMAIN|6191428|842|2817879
EOSMAIN|6191377|843|2817880
EOSMAIN|6191345|844|2817881
EOSMAIN|6189677|845|2817882
EOSMAIN|6186831|846|2817883
EOSMAIN|6157759|847|2817884
EOSMAIN|6138435|848|2817885
EOSMAIN|6135252|849|2817886
EOSMAIN|6135234|850|2817887
EOSMAIN|6135198|851|2817888
EOSMAIN|6067096|852|2817889
EOSMAIN|6067021|853|2817890
EOSMAIN|6064692|854|2817891
EOSMAIN|6047355|855|2817892
EOSMAIN|6047320|856|2817893
EOSMAIN|6047264|857|2817894
EOSMAIN|6016974|858|2817895
EOSMAIN|6003454|859|2817896
EOSMAIN|5992533|860|2817897
EOSMAIN|5992511|861|2817898
EOSMAIN|5992449|862|2817899
EOSMAIN|5992383|863|2817900
EOSMAIN|5991084|864|2817901
EOSMAIN|5990864|865|2817902
EOSMAIN|5989394|866|2817903
EOSMAIN|5989171|867|2817904
EOSMAIN|5989123|868|2817905
EOSMAIN|5988841|869|2817906
EOSMAIN|5970416|870|2817907
EOSMAIN|5970383|871|2817908
EOSMAIN|5969567|872|2817909
EOSMAIN|5968702|873|2817910
EOSMAIN|5965219|874|2817911
EOSMAIN|5965076|875|2817912
EOSMAIN|5911054|876|2817913
EOSMAIN|5904471|877|2817914
EOSMAIN|5899885|878|2817915
EOSMAIN|5891362|879|2817916
EOSMAIN|5888831|880|2817917
EOSMAIN|5888803|881|2817918
EOSMAIN|5888775|882|2817919
EOSMAIN|5888747|883|2817920
EOSMAIN|5878293|884|2817921
EOSMAIN|5873052|885|2817922
EOSMAIN|5870929|886|2817923
EOSMAIN|5870737|887|2817924
EOSMAIN|5870606|888|2817925
EOSMAIN|5859726|889|2817926
EOSMAIN|5856608|890|2817927
EOSMAIN|5842452|891|2817928
EOSMAIN|5832786|892|2817929
EOSMAIN|5829474|893|2817930
EOSMAIN|5829428|894|2817931
EOSMAIN|5827878|895|2817932
EOSMAIN|5822585|896|2817933
EOSMAIN|5821840|897|2817934
EOSMAIN|5821126|898|2817935
EOSMAIN|5816401|899|2817936
EOSMAIN|5816279|900|2817937
EOSMAIN|5223697|701|2817738
EOSMAIN|5219200|702|2817739
EOSMAIN|5218918|703|2817740
EOSMAIN|5218436|704|2817741
EOSMAIN|5216558|705|2817742
EOSMAIN|5537557|706|2817743
EOSMAIN|5545149|707|2817744
EOSMAIN|5729446|708|2817745
EOSMAIN|5980277|709|2817746
EOSMAIN|5284359|710|2817747
EOSMAIN|5284392|711|2817748
EOSMAIN|5578847|712|2817749
EOSMAIN|6143578|713|2817750
EOSMAIN|22738944|714|2817751
EOSMAIN|22727091|715|2817752
EOSMAIN|22727174|716|2817753
EOSMAIN|6296923|717|2817754
EOSMAIN|6331341|718|2817755
EOSMAIN|22726579|719|2817756
EOSMAIN|22691792|720|2817757
EOSMAIN|22672961|721|2817758
EOSMAIN|22595161|722|2817759
EOSMAIN|22585839|723|2817760
EOSMAIN|22583446|724|2817761
EOSMAIN|22575185|725|2817762
EOSMAIN|22546533|726|2817763
EOSMAIN|22538210|727|2817764
EOSMAIN|22534376|728|2817765
EOSMAIN|22526169|729|2817766
EOSMAIN|22526143|730|2817767
EOSMAIN|22468586|731|2817768
EOSMAIN|22452000|732|2817769
EOSMAIN|22446489|733|2817770
EOSMAIN|22442878|734|2817771
EOSMAIN|22414913|735|2817772
EOSMAIN|22367899|736|2817773
EOSMAIN|22231737|737|2817774
EOSMAIN|22223804|738|2817775
EOSMAIN|22211698|739|2817776
EOSMAIN|22165736|740|2817777
EOSMAIN|22131155|741|2817778
EOSMAIN|20809436|742|2817779
EOSMAIN|20805280|743|2817780
EOSMAIN|20770418|744|2817781
EOSMAIN|20738441|745|2817782
EOSMAIN|20732684|746|2817783
EOSMAIN|20722381|747|2817784
EOSMAIN|20722217|748|2817785
EOSMAIN|19207506|749|2817786
EOSMAIN|19184641|750|2817787
EOSMAIN|19184202|751|2817788
EOSMAIN|19183654|752|2817789
EOSMAIN|19083913|753|2817790
EOSMAIN|17884473|754|2817791
EOSMAIN|17866775|755|2817792
EOSMAIN|17763044|756|2817793
EOSMAIN|17760969|757|2817794
EOSMAIN|17585059|758|2817795
EOSMAIN|17563006|759|2817796
EOSMAIN|17546217|760|2817797
EOSMAIN|17541729|761|2817798
EOSMAIN|17541429|762|2817799
EOSMAIN|17541034|763|2817800
EOSMAIN|17535491|764|2817801
EOSMAIN|17443727|765|2817802
EOSMAIN|17404507|766|2817803
EOSMAIN|17341827|767|2817804
EOSMAIN|17341777|768|2817805
EOSMAIN|17341650|769|2817806
EOSMAIN|17341428|770|2817807
EOSMAIN|13942977|771|2817808
EOSMAIN|12872117|772|2817809
EOSMAIN|12872035|773|2817810
EOSMAIN|12871040|774|2817811
EOSMAIN|12813971|775|2817812
EOSMAIN|12813915|776|2817813
EOSMAIN|12788412|777|2817814
EOSMAIN|12779391|778|2817815
EOSMAIN|12776732|779|2817816
EOSMAIN|12775432|780|2817817
EOSMAIN|11681426|781|2817818
EOSMAIN|9477249|782|2817819
EOSMAIN|9476730|783|2817820
EOSMAIN|9435037|784|2817821
EOSMAIN|9434956|785|2817822
EOSMAIN|6511244|786|2817823
EOSMAIN|6510204|787|2817824
EOSMAIN|6509898|788|2817825
EOSMAIN|6507775|789|2817826
EOSMAIN|6504554|790|2817827
EOSMAIN|6504403|791|2817828
EOSMAIN|6503462|792|2817829
EOSMAIN|6498678|793|2817830
EOSMAIN|6488545|794|2817831
EOSMAIN|6483936|795|2817832
EOSMAIN|6483468|796|2817833
EOSMAIN|6483079|797|2817834
EOSMAIN|6482831|798|2817835
EOSMAIN|6482065|799|2817836
EOSMAIN|6450713|800|2817837
EOSMAIN|17546006|201|2817238
EOSMAIN|12776002|202|2817239
EOSMAIN|12775760|203|2817240
EOSMAIN|12774868|204|2817241
EOSMAIN|9476896|205|2817242
EOSMAIN|6452871|206|2817243
EOSMAIN|6257125|207|2817244
EOSMAIN|6013252|208|2817245
EOSMAIN|5987212|209|2817246
EOSMAIN|5959412|210|2817247
EOSMAIN|5899837|211|2817248
EOSMAIN|5878747|212|2817249
EOSMAIN|5834109|213|2817250
EOSMAIN|5828499|214|2817251
EOSMAIN|5814292|215|2817252
EOSMAIN|5440487|216|2817253
EOSMAIN|5114772|217|2817254
EOSMAIN|5634914|218|2817255
EOSMAIN|5711345|219|2817256
EOSMAIN|6071356|220|2817257
EOSMAIN|5038388|221|2817258
EOSMAIN|5160501|222|2817259
EOSMAIN|5911858|223|2817260
EOSMAIN|5521760|224|2817261
EOSMAIN|5169805|225|2817262
EOSMAIN|5170018|226|2817263
EOSMAIN|5217022|227|2817264
EOSMAIN|5170511|228|2817265
EOSMAIN|5170738|229|2817266
EOSMAIN|5297129|230|2817267
EOSMAIN|5304107|231|2817268
EOSMAIN|5322321|232|2817269
EOSMAIN|5322400|233|2817270
EOSMAIN|5994343|234|2817271
EOSMAIN|5404419|235|2817272
EOSMAIN|5410989|236|2817273
EOSMAIN|5430100|237|2817274
EOSMAIN|5448252|238|2817275
EOSMAIN|5464262|239|2817276
EOSMAIN|5493141|240|2817277
EOSMAIN|6008793|241|2817278
EOSMAIN|5840824|242|2817279
EOSMAIN|5843710|243|2817280
EOSMAIN|5860251|244|2817281
EOSMAIN|5414842|245|2817282
EOSMAIN|5222260|246|2817283
EOSMAIN|5222229|247|2817284
EOSMAIN|5222579|248|2817285
EOSMAIN|5222511|249|2817286
EOSMAIN|5222453|250|2817287
EOSMAIN|5222343|251|2817288
EOSMAIN|5222790|252|2817289
EOSMAIN|5222725|253|2817290
EOSMAIN|5222691|254|2817291
EOSMAIN|5222884|255|2817292
EOSMAIN|5222931|256|2817293
EOSMAIN|5223011|257|2817294
EOSMAIN|5223086|258|2817295
EOSMAIN|5223160|259|2817296
EOSMAIN|5223263|260|2817297
EOSMAIN|5223292|261|2817298
EOSMAIN|5223381|262|2817299
EOSMAIN|5739031|263|2817300
EOSMAIN|5745728|264|2817301
EOSMAIN|5792484|265|2817302
EOSMAIN|5829295|266|2817303
EOSMAIN|6145993|267|2817304
EOSMAIN|6146039|268|2817305
EOSMAIN|6511144|269|2817306
EOSMAIN|22611038|270|2817307
EOSMAIN|5478442|271|2817308
EOSMAIN|9433669|272|2817309
EOSMAIN|12788654|273|2817310
EOSMAIN|19094766|274|2817311
EOSMAIN|5162017|275|2817312
EOSMAIN|6298965|276|2817313
EOSMAIN|6301534|277|2817314
EOSMAIN|6298947|278|2817315
EOSMAIN|6298929|279|2817316
EOSMAIN|5377955|280|2817317
EOSMAIN|6488165|281|2817318
EOSMAIN|11669490|282|2817319
EOSMAIN|5818389|283|2817320
EOSMAIN|5176481|284|2817321
EOSMAIN|5837920|285|2817322
EOSMAIN|22733300|286|2817323
EOSMAIN|22617810|287|2817324
EOSMAIN|22600868|288|2817325
EOSMAIN|22588314|289|2817326
EOSMAIN|22564231|290|2817327
EOSMAIN|22549301|291|2817328
EOSMAIN|22533235|292|2817329
EOSMAIN|22468956|293|2817330
EOSMAIN|22468920|294|2817331
EOSMAIN|22446556|295|2817332
EOSMAIN|22225196|296|2817333
EOSMAIN|22199239|297|2817334
EOSMAIN|20806626|298|2817335
EOSMAIN|20742966|299|2817336
EOSMAIN|19132032|300|2817337
EOSMAIN|5222662|101|2817138
EOSMAIN|5222834|102|2817139
EOSMAIN|5440601|103|2817140
EOSMAIN|5335947|104|2817141
EOSMAIN|5268128|105|2817142
EOSMAIN|6061041|106|2817143
EOSMAIN|22558237|107|2817144
EOSMAIN|22520617|108|2817145
EOSMAIN|22443433|109|2817146
EOSMAIN|22235290|110|2817147
EOSMAIN|20687869|111|2817148
EOSMAIN|17759930|112|2817149
EOSMAIN|17575655|113|2817150
EOSMAIN|17341954|114|2817151
EOSMAIN|9435204|115|2817152
EOSMAIN|6482209|116|2817153
EOSMAIN|6067058|117|2817154
EOSMAIN|5862747|118|2817155
EOSMAIN|5806186|119|2817156
EOSMAIN|5176166|120|2817157
EOSMAIN|5281434|121|2817158
EOSMAIN|5368646|122|2817159
EOSMAIN|6008835|123|2817160
EOSMAIN|6009042|124|2817161
EOSMAIN|5222865|125|2817162
EOSMAIN|5223115|126|2817163
EOSMAIN|5223399|127|2817164
EOSMAIN|5216011|128|2817165
EOSMAIN|22820051|129|2817166
EOSMAIN|5162115|130|2817167
EOSMAIN|5838225|131|2817168
EOSMAIN|5487220|132|2817169
EOSMAIN|5487267|133|2817170
EOSMAIN|22603877|134|2817171
EOSMAIN|22588033|135|2817172
EOSMAIN|22585639|136|2817173
EOSMAIN|22531890|137|2817174
EOSMAIN|22525240|138|2817175
EOSMAIN|20676777|139|2817176
EOSMAIN|9476826|140|2817177
EOSMAIN|6512158|141|2817178
EOSMAIN|6373997|142|2817179
EOSMAIN|6285484|143|2817180
EOSMAIN|6242513|144|2817181
EOSMAIN|6189695|145|2817182
EOSMAIN|6064147|146|2817183
EOSMAIN|5832730|147|2817184
EOSMAIN|5789016|148|2817185
EOSMAIN|5742616|149|2817186
EOSMAIN|5695007|150|2817187
EOSMAIN|5645455|151|2817188
EOSMAIN|5639825|152|2817189
EOSMAIN|5574712|153|2817190
EOSMAIN|5458714|154|2817191
EOSMAIN|5440542|155|2817192
EOSMAIN|5439861|156|2817193
EOSMAIN|5425498|157|2817194
EOSMAIN|5416945|158|2817195
EOSMAIN|5410166|159|2817196
EOSMAIN|5334524|160|2817197
EOSMAIN|5047777|161|2817198
EOSMAIN|5963226|162|2817199
EOSMAIN|5217004|163|2817200
EOSMAIN|5260342|164|2817201
EOSMAIN|5260399|165|2817202
EOSMAIN|5265158|166|2817203
EOSMAIN|5297105|167|2817204
EOSMAIN|5323593|168|2817205
EOSMAIN|5493248|169|2817206
EOSMAIN|5545195|170|2817207
EOSMAIN|5908538|171|2817208
EOSMAIN|5216903|172|2817209
EOSMAIN|5222422|173|2817210
EOSMAIN|5222393|174|2817211
EOSMAIN|5222615|175|2817212
EOSMAIN|5222913|176|2817213
EOSMAIN|5223522|177|2817214
EOSMAIN|5445670|178|2817215
EOSMAIN|5487290|179|2817216
EOSMAIN|5530738|180|2817217
EOSMAIN|5796677|181|2817218
EOSMAIN|6224879|182|2817219
EOSMAIN|6499039|183|2817220
EOSMAIN|6242366|184|2817221
EOSMAIN|9434196|185|2817222
EOSMAIN|22199341|186|2817223
EOSMAIN|22727437|187|2817224
EOSMAIN|22731656|188|2817225
EOSMAIN|22727132|189|2817226
EOSMAIN|22585870|190|2817227
EOSMAIN|22543198|191|2817228
EOSMAIN|22532664|192|2817229
EOSMAIN|22526184|193|2817230
EOSMAIN|22520581|194|2817231
EOSMAIN|22515507|195|2817232
EOSMAIN|22443266|196|2817233
EOSMAIN|22331446|197|2817234
EOSMAIN|19184262|198|2817235
EOSMAIN|19127999|199|2817236
EOSMAIN|17759963|200|2817237
EOSMAIN|5956046|1901|2818938
EOSMAIN|5956024|1902|2818939
EOSMAIN|5956004|1903|2818940
EOSMAIN|5955982|1904|2818941
EOSMAIN|5955949|1905|2818942
EOSMAIN|5955885|1906|2818943
EOSMAIN|5955830|1907|2818944
EOSMAIN|5953860|1908|2818945
EOSMAIN|5952134|1909|2818946
EOSMAIN|5936640|1910|2818947
EOSMAIN|5927462|1911|2818948
EOSMAIN|5927427|1912|2818949
EOSMAIN|5927403|1913|2818950
EOSMAIN|5916654|1914|2818951
EOSMAIN|5916634|1915|2818952
EOSMAIN|5916408|1916|2818953
EOSMAIN|5916364|1917|2818954
EOSMAIN|5916333|1918|2818955
EOSMAIN|5916311|1919|2818956
EOSMAIN|5912628|1920|2818957
EOSMAIN|5911017|1921|2818958
EOSMAIN|5908048|1922|2818959
EOSMAIN|5906659|1923|2818960
EOSMAIN|5906628|1924|2818961
EOSMAIN|5905024|1925|2818962
EOSMAIN|5904335|1926|2818963
EOSMAIN|5904306|1927|2818964
EOSMAIN|5904269|1928|2818965
EOSMAIN|5903729|1929|2818966
EOSMAIN|5903352|1930|2818967
EOSMAIN|5903280|1931|2818968
EOSMAIN|5903250|1932|2818969
EOSMAIN|5903178|1933|2818970
EOSMAIN|5903031|1934|2818971
EOSMAIN|5902962|1935|2818972
EOSMAIN|5902285|1936|2818973
EOSMAIN|5902270|1937|2818974
EOSMAIN|5900035|1938|2818975
EOSMAIN|5900011|1939|2818976
EOSMAIN|5899963|1940|2818977
EOSMAIN|5899857|1941|2818978
EOSMAIN|5897693|1942|2818979
EOSMAIN|5896304|1943|2818980
EOSMAIN|5894088|1944|2818981
EOSMAIN|5894068|1945|2818982
EOSMAIN|5894048|1946|2818983
EOSMAIN|5894017|1947|2818984
EOSMAIN|5893986|1948|2818985
EOSMAIN|5891507|1949|2818986
EOSMAIN|5891472|1950|2818987
EOSMAIN|5891450|1951|2818988
EOSMAIN|5891428|1952|2818989
EOSMAIN|5891405|1953|2818990
EOSMAIN|5889228|1954|2818991
EOSMAIN|5888708|1955|2818992
EOSMAIN|5886542|1956|2818993
EOSMAIN|5885354|1957|2818994
EOSMAIN|5884875|1958|2818995
EOSMAIN|5883437|1959|2818996
EOSMAIN|5878716|1960|2818997
EOSMAIN|5878245|1961|2818998
EOSMAIN|5873083|1962|2818999
EOSMAIN|5873034|1963|2819000
EOSMAIN|5870962|1964|2819001
EOSMAIN|5870896|1965|2819002
EOSMAIN|5870874|1966|2819003
EOSMAIN|5870811|1967|2819004
EOSMAIN|5870774|1968|2819005
EOSMAIN|5870702|1969|2819006
EOSMAIN|5870639|1970|2819007
EOSMAIN|5870586|1971|2819008
EOSMAIN|5870551|1972|2819009
EOSMAIN|5870492|1973|2819010
EOSMAIN|5870457|1974|2819011
EOSMAIN|5870359|1975|2819012
EOSMAIN|5863717|1976|2819013
EOSMAIN|5863684|1977|2819014
EOSMAIN|5863662|1978|2819015
EOSMAIN|5862042|1979|2819016
EOSMAIN|5859795|1980|2819017
EOSMAIN|5859762|1981|2819018
EOSMAIN|5857391|1982|2819019
EOSMAIN|5857344|1983|2819020
EOSMAIN|5857328|1984|2819021
EOSMAIN|5857247|1985|2819022
EOSMAIN|5856952|1986|2819023
EOSMAIN|5856904|1987|2819024
EOSMAIN|5856867|1988|2819025
EOSMAIN|5856802|1989|2819026
EOSMAIN|5856767|1990|2819027
EOSMAIN|5856706|1991|2819028
EOSMAIN|5856682|1992|2819029
EOSMAIN|5856658|1993|2819030
EOSMAIN|5856573|1994|2819031
EOSMAIN|5846075|1995|2819032
EOSMAIN|5840843|1996|2819033
EOSMAIN|5835696|1997|2819034
EOSMAIN|5834131|1998|2819035
EOSMAIN|5832751|1999|2819036
EOSMAIN|5832705|2000|2819037
EOSMAIN|5831830|2001|2819038
EOSMAIN|5831616|2002|2819039
EOSMAIN|5831478|2003|2819040
EOSMAIN|5831366|2004|2819041
EOSMAIN|5829987|2005|2819042
EOSMAIN|5829381|2006|2819043
EOSMAIN|5829216|2007|2819044
EOSMAIN|5829062|2008|2819045
EOSMAIN|5827823|2009|2819046
EOSMAIN|5827793|2010|2819047
EOSMAIN|5827749|2011|2819048
EOSMAIN|5822623|2012|2819049
EOSMAIN|5822562|2013|2819050
EOSMAIN|5821972|2014|2819051
EOSMAIN|5821926|2015|2819052
EOSMAIN|5821880|2016|2819053
EOSMAIN|5821860|2017|2819054
EOSMAIN|5821821|2018|2819055
EOSMAIN|5817372|2019|2819056
EOSMAIN|5817000|2020|2819057
EOSMAIN|5816622|2021|2819058
EOSMAIN|5816599|2022|2819059
EOSMAIN|5816549|2023|2819060
EOSMAIN|5816449|2024|2819061
EOSMAIN|5816423|2025|2819062
EOSMAIN|5816352|2026|2819063
EOSMAIN|5816300|2027|2819064
EOSMAIN|5816225|2028|2819065
EOSMAIN|5816148|2029|2819066
EOSMAIN|5814313|2030|2819067
EOSMAIN|5814258|2031|2819068
EOSMAIN|5814224|2032|2819069
EOSMAIN|5814177|2033|2819070
EOSMAIN|5814132|2034|2819071
EOSMAIN|5814103|2035|2819072
EOSMAIN|5810649|2036|2819073
EOSMAIN|5810629|2037|2819074
EOSMAIN|5810609|2038|2819075
EOSMAIN|5810576|2039|2819076
EOSMAIN|5810506|2040|2819077
EOSMAIN|5810473|2041|2819078
EOSMAIN|5810440|2042|2819079
EOSMAIN|5810418|2043|2819080
EOSMAIN|5807301|2044|2819081
EOSMAIN|5805510|2045|2819082
EOSMAIN|5805486|2046|2819083
EOSMAIN|5805445|2047|2819084
EOSMAIN|5805358|2048|2819085
EOSMAIN|5805334|2049|2819086
EOSMAIN|5805299|2050|2819087
EOSMAIN|5805277|2051|2819088
EOSMAIN|5800474|2052|2819089
EOSMAIN|5800452|2053|2819090
EOSMAIN|5800394|2054|2819091
EOSMAIN|5800371|2055|2819092
EOSMAIN|5800351|2056|2819093
EOSMAIN|5800330|2057|2819094
EOSMAIN|5800274|2058|2819095
EOSMAIN|5798050|2059|2819096
EOSMAIN|5797957|2060|2819097
EOSMAIN|5797911|2061|2819098
EOSMAIN|5797891|2062|2819099
EOSMAIN|5797867|2063|2819100
EOSMAIN|5797259|2064|2819101
EOSMAIN|5796655|2065|2819102
EOSMAIN|5796612|2066|2819103
EOSMAIN|5796591|2067|2819104
EOSMAIN|5796570|2068|2819105
EOSMAIN|5796484|2069|2819106
EOSMAIN|5796464|2070|2819107
EOSMAIN|5796443|2071|2819108
EOSMAIN|5796425|2072|2819109
EOSMAIN|5795784|2073|2819110
EOSMAIN|5795752|2074|2819111
EOSMAIN|5795677|2075|2819112
EOSMAIN|5795654|2076|2819113
EOSMAIN|5795631|2077|2819114
EOSMAIN|5795608|2078|2819115
EOSMAIN|5795574|2079|2819116
EOSMAIN|5795102|2080|2819117
EOSMAIN|5794355|2081|2819118
EOSMAIN|5792586|2082|2819119
EOSMAIN|5792129|2083|2819120
EOSMAIN|5792105|2084|2819121
EOSMAIN|5792075|2085|2819122
EOSMAIN|5792055|2086|2819123
EOSMAIN|5792009|2087|2819124
EOSMAIN|5791959|2088|2819125
EOSMAIN|5791928|2089|2819126
EOSMAIN|5791897|2090|2819127
EOSMAIN|5791877|2091|2819128
EOSMAIN|5791810|2092|2819129
EOSMAIN|5791736|2093|2819130
EOSMAIN|5791698|2094|2819131
EOSMAIN|5791640|2095|2819132
EOSMAIN|5791615|2096|2819133
EOSMAIN|5791596|2097|2819134
EOSMAIN|5791363|2098|2819135
EOSMAIN|5791332|2099|2819136
EOSMAIN|5791310|2100|2819137
EOSMAIN|17545765|1301|2818338
EOSMAIN|17544980|1302|2818339
EOSMAIN|17544888|1303|2818340
EOSMAIN|17544803|1304|2818341
EOSMAIN|17544710|1305|2818342
EOSMAIN|17544640|1306|2818343
EOSMAIN|17544203|1307|2818344
EOSMAIN|17542779|1308|2818345
EOSMAIN|17542681|1309|2818346
EOSMAIN|17541911|1310|2818347
EOSMAIN|17541199|1311|2818348
EOSMAIN|17539872|1312|2818349
EOSMAIN|17539355|1313|2818350
EOSMAIN|17539173|1314|2818351
EOSMAIN|17539051|1315|2818352
EOSMAIN|17539012|1316|2818353
EOSMAIN|17538752|1317|2818354
EOSMAIN|17538380|1318|2818355
EOSMAIN|17538325|1319|2818356
EOSMAIN|17538301|1320|2818357
EOSMAIN|17538169|1321|2818358
EOSMAIN|17538053|1322|2818359
EOSMAIN|17534930|1323|2818360
EOSMAIN|17534075|1324|2818361
EOSMAIN|17470443|1325|2818362
EOSMAIN|17461035|1326|2818363
EOSMAIN|17460841|1327|2818364
EOSMAIN|17440793|1328|2818365
EOSMAIN|17440106|1329|2818366
EOSMAIN|17434709|1330|2818367
EOSMAIN|17434686|1331|2818368
EOSMAIN|17403603|1332|2818369
EOSMAIN|17403500|1333|2818370
EOSMAIN|17376824|1334|2818371
EOSMAIN|17341728|1335|2818372
EOSMAIN|17341603|1336|2818373
EOSMAIN|17341380|1337|2818374
EOSMAIN|17341333|1338|2818375
EOSMAIN|17341253|1339|2818376
EOSMAIN|17341222|1340|2818377
EOSMAIN|17314522|1341|2818378
EOSMAIN|17296618|1342|2818379
EOSMAIN|15101357|1343|2818380
EOSMAIN|13953767|1344|2818381
EOSMAIN|13943170|1345|2818382
EOSMAIN|13942825|1346|2818383
EOSMAIN|13942773|1347|2818384
EOSMAIN|13942690|1348|2818385
EOSMAIN|12872969|1349|2818386
EOSMAIN|12872663|1350|2818387
EOSMAIN|12872193|1351|2818388
EOSMAIN|12871859|1352|2818389
EOSMAIN|12871673|1353|2818390
EOSMAIN|12870370|1354|2818391
EOSMAIN|12870205|1355|2818392
EOSMAIN|12800945|1356|2818393
EOSMAIN|12794007|1357|2818394
EOSMAIN|12793980|1358|2818395
EOSMAIN|12793952|1359|2818396
EOSMAIN|12793925|1360|2818397
EOSMAIN|12789081|1361|2818398
EOSMAIN|12789030|1362|2818399
EOSMAIN|12788808|1363|2818400
EOSMAIN|12779488|1364|2818401
EOSMAIN|12779227|1365|2818402
EOSMAIN|12778989|1366|2818403
EOSMAIN|12778911|1367|2818404
EOSMAIN|12778402|1368|2818405
EOSMAIN|12778167|1369|2818406
EOSMAIN|12777787|1370|2818407
EOSMAIN|12777437|1371|2818408
EOSMAIN|12777321|1372|2818409
EOSMAIN|12777103|1373|2818410
EOSMAIN|12776894|1374|2818411
EOSMAIN|12776503|1375|2818412
EOSMAIN|12776327|1376|2818413
EOSMAIN|12776190|1377|2818414
EOSMAIN|12772268|1378|2818415
EOSMAIN|12772242|1379|2818416
EOSMAIN|12771797|1380|2818417
EOSMAIN|12771769|1381|2818418
EOSMAIN|12771712|1382|2818419
EOSMAIN|11696514|1383|2818420
EOSMAIN|11695786|1384|2818421
EOSMAIN|11692653|1385|2818422
EOSMAIN|11687797|1386|2818423
EOSMAIN|11687767|1387|2818424
EOSMAIN|11687607|1388|2818425
EOSMAIN|11686673|1389|2818426
EOSMAIN|9538150|1390|2818427
EOSMAIN|9533417|1391|2818428
EOSMAIN|9533270|1392|2818429
EOSMAIN|9508331|1393|2818430
EOSMAIN|9506979|1394|2818431
EOSMAIN|9493357|1395|2818432
EOSMAIN|9490578|1396|2818433
EOSMAIN|9478404|1397|2818434
EOSMAIN|9478312|1398|2818435
EOSMAIN|9477195|1399|2818436
EOSMAIN|9477138|1400|2818437
EOSMAIN|9476950|1401|2818438
EOSMAIN|9476781|1402|2818439
EOSMAIN|9438147|1403|2818440
EOSMAIN|9437578|1404|2818441
EOSMAIN|9436945|1405|2818442
EOSMAIN|9434451|1406|2818443
EOSMAIN|9434395|1407|2818444
EOSMAIN|9434368|1408|2818445
EOSMAIN|9434341|1409|2818446
EOSMAIN|9434313|1410|2818447
EOSMAIN|9434227|1411|2818448
EOSMAIN|8361584|1412|2818449
EOSMAIN|6513310|1413|2818450
EOSMAIN|6511799|1414|2818451
EOSMAIN|6511680|1415|2818452
EOSMAIN|6511479|1416|2818453
EOSMAIN|6511032|1417|2818454
EOSMAIN|6510948|1418|2818455
EOSMAIN|6510644|1419|2818456
EOSMAIN|6510406|1420|2818457
EOSMAIN|6510374|1421|2818458
EOSMAIN|6510183|1422|2818459
EOSMAIN|6510033|1423|2818460
EOSMAIN|6509972|1424|2818461
EOSMAIN|6509849|1425|2818462
EOSMAIN|6508884|1426|2818463
EOSMAIN|6506415|1427|2818464
EOSMAIN|6506234|1428|2818465
EOSMAIN|6506186|1429|2818466
EOSMAIN|6506138|1430|2818467
EOSMAIN|6506111|1431|2818468
EOSMAIN|6506062|1432|2818469
EOSMAIN|6506013|1433|2818470
EOSMAIN|6504894|1434|2818471
EOSMAIN|6504809|1435|2818472
EOSMAIN|6504710|1436|2818473
EOSMAIN|6504687|1437|2818474
EOSMAIN|6504648|1438|2818475
EOSMAIN|6504502|1439|2818476
EOSMAIN|6504471|1440|2818477
EOSMAIN|6504451|1441|2818478
EOSMAIN|6503752|1442|2818479
EOSMAIN|6503683|1443|2818480
EOSMAIN|6503517|1444|2818481
EOSMAIN|6503443|1445|2818482
EOSMAIN|6503349|1446|2818483
EOSMAIN|6499923|1447|2818484
EOSMAIN|6499422|1448|2818485
EOSMAIN|6499238|1449|2818486
EOSMAIN|6498622|1450|2818487
EOSMAIN|6486580|1451|2818488
EOSMAIN|6486304|1452|2818489
EOSMAIN|6484658|1453|2818490
EOSMAIN|6484004|1454|2818491
EOSMAIN|6483828|1455|2818492
EOSMAIN|6483796|1456|2818493
EOSMAIN|6483646|1457|2818494
EOSMAIN|6483231|1458|2818495
EOSMAIN|6483167|1459|2818496
EOSMAIN|6483002|1460|2818497
EOSMAIN|6482964|1461|2818498
EOSMAIN|6482891|1462|2818499
EOSMAIN|6482810|1463|2818500
EOSMAIN|6482043|1464|2818501
EOSMAIN|6482009|1465|2818502
EOSMAIN|6481919|1466|2818503
EOSMAIN|6481887|1467|2818504
EOSMAIN|6481855|1468|2818505
EOSMAIN|6481835|1469|2818506
EOSMAIN|6481817|1470|2818507
EOSMAIN|6481778|1471|2818508
EOSMAIN|6478296|1472|2818509
EOSMAIN|6476688|1473|2818510
EOSMAIN|6474211|1474|2818511
EOSMAIN|6456690|1475|2818512
EOSMAIN|6451682|1476|2818513
EOSMAIN|6450742|1477|2818514
EOSMAIN|6450655|1478|2818515
EOSMAIN|6447475|1479|2818516
EOSMAIN|6441242|1480|2818517
EOSMAIN|6440716|1481|2818518
EOSMAIN|6436105|1482|2818519
EOSMAIN|6435907|1483|2818520
EOSMAIN|6435847|1484|2818521
EOSMAIN|6435779|1485|2818522
EOSMAIN|6434747|1486|2818523
EOSMAIN|6432449|1487|2818524
EOSMAIN|6431766|1488|2818525
EOSMAIN|6429359|1489|2818526
EOSMAIN|6426582|1490|2818527
EOSMAIN|6426411|1491|2818528
EOSMAIN|6426271|1492|2818529
EOSMAIN|6426184|1493|2818530
EOSMAIN|6426162|1494|2818531
EOSMAIN|6425410|1495|2818532
EOSMAIN|6425389|1496|2818533
EOSMAIN|6425283|1497|2818534
EOSMAIN|6422887|1498|2818535
EOSMAIN|6422184|1499|2818536
EOSMAIN|6421975|1500|2818537
EOSMAIN|9438203|601|2817638
EOSMAIN|9436555|602|2817639
EOSMAIN|9434286|603|2817640
EOSMAIN|9432210|604|2817641
EOSMAIN|6511856|605|2817642
EOSMAIN|6511212|606|2817643
EOSMAIN|6497685|607|2817644
EOSMAIN|6486071|608|2817645
EOSMAIN|6483695|609|2817646
EOSMAIN|6482148|610|2817647
EOSMAIN|6439731|611|2817648
EOSMAIN|6434161|612|2817649
EOSMAIN|6425303|613|2817650
EOSMAIN|6377245|614|2817651
EOSMAIN|6372853|615|2817652
EOSMAIN|6369194|616|2817653
EOSMAIN|6363505|617|2817654
EOSMAIN|6335495|618|2817655
EOSMAIN|6323577|619|2817656
EOSMAIN|6323542|620|2817657
EOSMAIN|6308202|621|2817658
EOSMAIN|6285517|622|2817659
EOSMAIN|6257105|623|2817660
EOSMAIN|6240520|624|2817661
EOSMAIN|6227974|625|2817662
EOSMAIN|6212446|626|2817663
EOSMAIN|6197351|627|2817664
EOSMAIN|6197255|628|2817665
EOSMAIN|6196872|629|2817666
EOSMAIN|6194740|630|2817667
EOSMAIN|6191447|631|2817668
EOSMAIN|6135442|632|2817669
EOSMAIN|6135423|633|2817670
EOSMAIN|6135404|634|2817671
EOSMAIN|6135355|635|2817672
EOSMAIN|6135270|636|2817673
EOSMAIN|6103525|637|2817674
EOSMAIN|6100821|638|2817675
EOSMAIN|6100036|639|2817676
EOSMAIN|6072407|640|2817677
EOSMAIN|6030755|641|2817678
EOSMAIN|6026914|642|2817679
EOSMAIN|6026831|643|2817680
EOSMAIN|6026772|644|2817681
EOSMAIN|6023211|645|2817682
EOSMAIN|6006485|646|2817683
EOSMAIN|5990026|647|2817684
EOSMAIN|5989432|648|2817685
EOSMAIN|5988863|649|2817686
EOSMAIN|5979376|650|2817687
EOSMAIN|5965282|651|2817688
EOSMAIN|5964330|652|2817689
EOSMAIN|5952739|653|2817690
EOSMAIN|5934422|654|2817691
EOSMAIN|5893941|655|2817692
EOSMAIN|5878700|656|2817693
EOSMAIN|5863750|657|2817694
EOSMAIN|5858738|658|2817695
EOSMAIN|5851451|659|2817696
EOSMAIN|5835846|660|2817697
EOSMAIN|5827843|661|2817698
EOSMAIN|5827729|662|2817699
EOSMAIN|5820023|663|2817700
EOSMAIN|5816918|664|2817701
EOSMAIN|5816193|665|2817702
EOSMAIN|5814624|666|2817703
EOSMAIN|5794327|667|2817704
EOSMAIN|5791666|668|2817705
EOSMAIN|5788026|669|2817706
EOSMAIN|5768557|670|2817707
EOSMAIN|5757895|671|2817708
EOSMAIN|5729972|672|2817709
EOSMAIN|5725437|673|2817710
EOSMAIN|5716950|674|2817711
EOSMAIN|5713850|675|2817712
EOSMAIN|5594156|676|2817713
EOSMAIN|5586908|677|2817714
EOSMAIN|5556643|678|2817715
EOSMAIN|5531623|679|2817716
EOSMAIN|5523535|680|2817717
EOSMAIN|5523294|681|2817718
EOSMAIN|5486879|682|2817719
EOSMAIN|5475897|683|2817720
EOSMAIN|5475644|684|2817721
EOSMAIN|5447909|685|2817722
EOSMAIN|5432703|686|2817723
EOSMAIN|5416136|687|2817724
EOSMAIN|5359572|688|2817725
EOSMAIN|5358959|689|2817726
EOSMAIN|5358417|690|2817727
EOSMAIN|5334389|691|2817728
EOSMAIN|5334182|692|2817729
EOSMAIN|5305660|693|2817730
EOSMAIN|5305239|694|2817731
EOSMAIN|5305208|695|2817732
EOSMAIN|5298994|696|2817733
EOSMAIN|5298899|697|2817734
EOSMAIN|5283500|698|2817735
EOSMAIN|5270807|699|2817736
EOSMAIN|5270573|700|2817737
EOSMAIN|5036891|501|2817538
EOSMAIN|5037199|502|2817539
EOSMAIN|5162808|503|2817540
EOSMAIN|5162825|504|2817541
EOSMAIN|5550716|505|2817542
EOSMAIN|5168346|506|2817543
EOSMAIN|5171706|507|2817544
EOSMAIN|5171763|508|2817545
EOSMAIN|5260217|509|2817546
EOSMAIN|5265688|510|2817547
EOSMAIN|5280648|511|2817548
EOSMAIN|5282221|512|2817549
EOSMAIN|5323105|513|2817550
EOSMAIN|5331379|514|2817551
EOSMAIN|5331485|515|2817552
EOSMAIN|5331502|516|2817553
EOSMAIN|5331587|517|2817554
EOSMAIN|5340311|518|2817555
EOSMAIN|5353147|519|2817556
EOSMAIN|5379927|520|2817557
EOSMAIN|5403556|521|2817558
EOSMAIN|5424157|522|2817559
EOSMAIN|5424444|523|2817560
EOSMAIN|5440856|524|2817561
EOSMAIN|5451414|525|2817562
EOSMAIN|5457587|526|2817563
EOSMAIN|5459637|527|2817564
EOSMAIN|5603521|528|2817565
EOSMAIN|5603543|529|2817566
EOSMAIN|5613724|530|2817567
EOSMAIN|5696809|531|2817568
EOSMAIN|5888450|532|2817569
EOSMAIN|6020748|533|2817570
EOSMAIN|6032888|534|2817571
EOSMAIN|5222482|535|2817572
EOSMAIN|5462852|536|2817573
EOSMAIN|19184808|537|2817574
EOSMAIN|6257034|538|2817575
EOSMAIN|20753263|539|2817576
EOSMAIN|20738576|540|2817577
EOSMAIN|17671195|541|2817578
EOSMAIN|5878207|542|2817579
EOSMAIN|5396400|543|2817580
EOSMAIN|6354068|544|2817581
EOSMAIN|22574980|545|2817582
EOSMAIN|6195677|546|2817583
EOSMAIN|22799576|547|2817584
EOSMAIN|5369007|548|2817585
EOSMAIN|5496394|549|2817586
EOSMAIN|22745133|550|2817587
EOSMAIN|22758194|551|2817588
EOSMAIN|22608919|552|2817589
EOSMAIN|22703140|553|2817590
EOSMAIN|22675166|554|2817591
EOSMAIN|22672490|555|2817592
EOSMAIN|22672370|556|2817593
EOSMAIN|22666178|557|2817594
EOSMAIN|22658952|558|2817595
EOSMAIN|22596497|559|2817596
EOSMAIN|22588070|560|2817597
EOSMAIN|22578992|561|2817598
EOSMAIN|22578977|562|2817599
EOSMAIN|22562342|563|2817600
EOSMAIN|22557020|564|2817601
EOSMAIN|22521327|565|2817602
EOSMAIN|22511803|566|2817603
EOSMAIN|22511735|567|2817604
EOSMAIN|22468710|568|2817605
EOSMAIN|22442842|569|2817606
EOSMAIN|22438943|570|2817607
EOSMAIN|22410616|571|2817608
EOSMAIN|22323383|572|2817609
EOSMAIN|22217997|573|2817610
EOSMAIN|22211002|574|2817611
EOSMAIN|22203773|575|2817612
EOSMAIN|22141282|576|2817613
EOSMAIN|22141249|577|2817614
EOSMAIN|22113608|578|2817615
EOSMAIN|20812713|579|2817616
EOSMAIN|19300994|580|2817617
EOSMAIN|19211907|581|2817618
EOSMAIN|19183577|582|2817619
EOSMAIN|19176359|583|2817620
EOSMAIN|17575486|584|2817621
EOSMAIN|17573667|585|2817622
EOSMAIN|17550875|586|2817623
EOSMAIN|17467626|587|2817624
EOSMAIN|17403421|588|2817625
EOSMAIN|17341356|589|2817626
EOSMAIN|12872003|590|2817627
EOSMAIN|12871606|591|2817628
EOSMAIN|12870884|592|2817629
EOSMAIN|12796201|593|2817630
EOSMAIN|12788436|594|2817631
EOSMAIN|12781405|595|2817632
EOSMAIN|12779441|596|2817633
EOSMAIN|12778790|597|2817634
EOSMAIN|12775539|598|2817635
EOSMAIN|9487499|599|2817636
EOSMAIN|9487477|600|2817637
EOSMAIN|5049743|3101|2820138
EOSMAIN|5049715|3102|2820139
EOSMAIN|5049687|3103|2820140
EOSMAIN|5049659|3104|2820141
EOSMAIN|5049631|3105|2820142
EOSMAIN|5049602|3106|2820143
EOSMAIN|5049572|3107|2820144
EOSMAIN|5049544|3108|2820145
EOSMAIN|5049516|3109|2820146
EOSMAIN|5049488|3110|2820147
EOSMAIN|5049432|3111|2820148
EOSMAIN|5049385|3112|2820149
EOSMAIN|5049366|3113|2820150
EOSMAIN|5049293|3114|2820151
EOSMAIN|5049262|3115|2820152
EOSMAIN|5049244|3116|2820153
EOSMAIN|5049156|3117|2820154
EOSMAIN|5049127|3118|2820155
EOSMAIN|5049097|3119|2820156
EOSMAIN|5049036|3120|2820157
EOSMAIN|5049005|3121|2820158
EOSMAIN|5048953|3122|2820159
EOSMAIN|5048896|3123|2820160
EOSMAIN|5048866|3124|2820161
EOSMAIN|5048809|3125|2820162
EOSMAIN|5048754|3126|2820163
EOSMAIN|5048737|3127|2820164
EOSMAIN|5048701|3128|2820165
EOSMAIN|5048681|3129|2820166
EOSMAIN|5048660|3130|2820167
EOSMAIN|5048617|3131|2820168
EOSMAIN|5048587|3132|2820169
EOSMAIN|5048557|3133|2820170
EOSMAIN|5048501|3134|2820171
EOSMAIN|5048455|3135|2820172
EOSMAIN|5048434|3136|2820173
EOSMAIN|5048376|3137|2820174
EOSMAIN|5048339|3138|2820175
EOSMAIN|5048319|3139|2820176
EOSMAIN|5048277|3140|2820177
EOSMAIN|5048246|3141|2820178
EOSMAIN|5048215|3142|2820179
EOSMAIN|5048195|3143|2820180
EOSMAIN|5048164|3144|2820181
EOSMAIN|5048120|3145|2820182
EOSMAIN|5048089|3146|2820183
EOSMAIN|5048034|3147|2820184
EOSMAIN|5048005|3148|2820185
EOSMAIN|5047989|3149|2820186
EOSMAIN|5040652|3150|2820187
EOSMAIN|5040397|3151|2820188
EOSMAIN|5031026|3152|2820189
EOSMAIN|5027306|3153|2820190
EOSMAIN|5810721|901|2817938
EOSMAIN|5807576|902|2817939
EOSMAIN|5807492|903|2817940
EOSMAIN|5806090|904|2817941
EOSMAIN|5790878|905|2817942
EOSMAIN|5790074|906|2817943
EOSMAIN|5790053|907|2817944
EOSMAIN|5790032|908|2817945
EOSMAIN|5775388|909|2817946
EOSMAIN|5763159|910|2817947
EOSMAIN|5757969|911|2817948
EOSMAIN|5749716|912|2817949
EOSMAIN|5744313|913|2817950
EOSMAIN|5739285|914|2817951
EOSMAIN|5738839|915|2817952
EOSMAIN|5738693|916|2817953
EOSMAIN|5738671|917|2817954
EOSMAIN|5738613|918|2817955
EOSMAIN|5738565|919|2817956
EOSMAIN|5738493|920|2817957
EOSMAIN|5696984|921|2817958
EOSMAIN|5696916|922|2817959
EOSMAIN|5696894|923|2817960
EOSMAIN|5660115|924|2817961
EOSMAIN|5654942|925|2817962
EOSMAIN|5651537|926|2817963
EOSMAIN|5644390|927|2817964
EOSMAIN|5644222|928|2817965
EOSMAIN|5637560|929|2817966
EOSMAIN|5621757|930|2817967
EOSMAIN|5592934|931|2817968
EOSMAIN|5586776|932|2817969
EOSMAIN|5584372|933|2817970
EOSMAIN|5574254|934|2817971
EOSMAIN|5565552|935|2817972
EOSMAIN|5563696|936|2817973
EOSMAIN|5563436|937|2817974
EOSMAIN|5563403|938|2817975
EOSMAIN|5563114|939|2817976
EOSMAIN|5556622|940|2817977
EOSMAIN|5556543|941|2817978
EOSMAIN|5556519|942|2817979
EOSMAIN|5552517|943|2817980
EOSMAIN|5552388|944|2817981
EOSMAIN|5550983|945|2817982
EOSMAIN|5526849|946|2817983
EOSMAIN|5526730|947|2817984
EOSMAIN|5523450|948|2817985
EOSMAIN|5523223|949|2817986
EOSMAIN|5521835|950|2817987
EOSMAIN|5513579|951|2817988
EOSMAIN|5505652|952|2817989
EOSMAIN|5502531|953|2817990
EOSMAIN|5502510|954|2817991
EOSMAIN|5482084|955|2817992
EOSMAIN|5482054|956|2817993
EOSMAIN|5475580|957|2817994
EOSMAIN|5475520|958|2817995
EOSMAIN|5445698|959|2817996
EOSMAIN|5445094|960|2817997
EOSMAIN|5444167|961|2817998
EOSMAIN|5440514|962|2817999
EOSMAIN|5429787|963|2818000
EOSMAIN|5429587|964|2818001
EOSMAIN|5429524|965|2818002
EOSMAIN|5418616|966|2818003
EOSMAIN|5418471|967|2818004
EOSMAIN|5418013|968|2818005
EOSMAIN|5395079|969|2818006
EOSMAIN|5377903|970|2818007
EOSMAIN|5362475|971|2818008
EOSMAIN|5360057|972|2818009
EOSMAIN|5358910|973|2818010
EOSMAIN|5341778|974|2818011
EOSMAIN|5334258|975|2818012
EOSMAIN|5325606|976|2818013
EOSMAIN|5325378|977|2818014
EOSMAIN|5311844|978|2818015
EOSMAIN|5311552|979|2818016
EOSMAIN|5305414|980|2818017
EOSMAIN|5305352|981|2818018
EOSMAIN|5305270|982|2818019
EOSMAIN|5284207|983|2818020
EOSMAIN|5283484|984|2818021
EOSMAIN|5270869|985|2818022
EOSMAIN|5270676|986|2818023
EOSMAIN|5270370|987|2818024
EOSMAIN|5260978|988|2818025
EOSMAIN|5245788|989|2818026
EOSMAIN|5224691|990|2818027
EOSMAIN|5224582|991|2818028
EOSMAIN|5224383|992|2818029
EOSMAIN|5224338|993|2818030
EOSMAIN|5224282|994|2818031
EOSMAIN|5224181|995|2818032
EOSMAIN|5224075|996|2818033
EOSMAIN|5224060|997|2818034
EOSMAIN|5224045|998|2818035
EOSMAIN|5224030|999|2818036
EOSMAIN|5224002|1000|2818037
EOSMAIN|5223934|1001|2818038
EOSMAIN|5223787|1002|2818039
EOSMAIN|5223639|1003|2818040
EOSMAIN|5223323|1004|2818041
EOSMAIN|5223245|1005|2818042
EOSMAIN|5221635|1006|2818043
EOSMAIN|5221597|1007|2818044
EOSMAIN|5221503|1008|2818045
EOSMAIN|5221423|1009|2818046
EOSMAIN|5221005|1010|2818047
EOSMAIN|5220365|1011|2818048
EOSMAIN|5220096|1012|2818049
EOSMAIN|5220076|1013|2818050
EOSMAIN|5220056|1014|2818051
EOSMAIN|5219926|1015|2818052
EOSMAIN|5219906|1016|2818053
EOSMAIN|5219756|1017|2818054
EOSMAIN|5219538|1018|2818055
EOSMAIN|5219465|1019|2818056
EOSMAIN|5219405|1020|2818057
EOSMAIN|5219182|1021|2818058
EOSMAIN|5219022|1022|2818059
EOSMAIN|5218900|1023|2818060
EOSMAIN|5218156|1024|2818061
EOSMAIN|5218036|1025|2818062
EOSMAIN|5217903|1026|2818063
EOSMAIN|5217776|1027|2818064
EOSMAIN|5217568|1028|2818065
EOSMAIN|5217218|1029|2818066
EOSMAIN|5216628|1030|2818067
EOSMAIN|5049904|1031|2818068
EOSMAIN|5049460|1032|2818069
EOSMAIN|5049404|1033|2818070
EOSMAIN|5049323|1034|2818071
EOSMAIN|5049199|1035|2818072
EOSMAIN|5049054|1036|2818073
EOSMAIN|5048974|1037|2818074
EOSMAIN|5047973|1038|2818075
EOSMAIN|5047917|1039|2818076
EOSMAIN|5285450|1040|2818077
EOSMAIN|5518426|1041|2818078
EOSMAIN|5457631|1042|2818079
EOSMAIN|5508076|1043|2818080
EOSMAIN|5558375|1044|2818081
EOSMAIN|5564062|1045|2818082
EOSMAIN|5624497|1046|2818083
EOSMAIN|5631447|1047|2818084
EOSMAIN|5662230|1048|2818085
EOSMAIN|5687506|1049|2818086
EOSMAIN|5703682|1050|2818087
EOSMAIN|5719760|1051|2818088
EOSMAIN|5724051|1052|2818089
EOSMAIN|5724319|1053|2818090
EOSMAIN|5743764|1054|2818091
EOSMAIN|5818811|1055|2818092
EOSMAIN|5995536|1056|2818093
EOSMAIN|5996702|1057|2818094
EOSMAIN|6019066|1058|2818095
EOSMAIN|6019816|1059|2818096
EOSMAIN|6019971|1060|2818097
EOSMAIN|6020016|1061|2818098
EOSMAIN|6022374|1062|2818099
EOSMAIN|22681547|1063|2818100
EOSMAIN|5270837|1064|2818101
EOSMAIN|5440630|1065|2818102
EOSMAIN|5462765|1066|2818103
EOSMAIN|5546332|1067|2818104
EOSMAIN|5563650|1068|2818105
EOSMAIN|5697106|1069|2818106
EOSMAIN|17545918|1070|2818107
EOSMAIN|17552016|1071|2818108
EOSMAIN|9432267|1072|2818109
EOSMAIN|6344058|1073|2818110
EOSMAIN|6464010|1074|2818111
EOSMAIN|5086705|1075|2818112
EOSMAIN|5089479|1076|2818113
EOSMAIN|5090154|1077|2818114
EOSMAIN|5243214|1078|2818115
EOSMAIN|5243246|1079|2818116
EOSMAIN|5251638|1080|2818117
EOSMAIN|5336787|1081|2818118
EOSMAIN|5337011|1082|2818119
EOSMAIN|5404645|1083|2818120
EOSMAIN|5419011|1084|2818121
EOSMAIN|5554911|1085|2818122
EOSMAIN|5638463|1086|2818123
EOSMAIN|5645434|1087|2818124
EOSMAIN|5672172|1088|2818125
EOSMAIN|5697320|1089|2818126
EOSMAIN|5697359|1090|2818127
EOSMAIN|5702259|1091|2818128
EOSMAIN|5847052|1092|2818129
EOSMAIN|6081405|1093|2818130
EOSMAIN|6129154|1094|2818131
EOSMAIN|6241978|1095|2818132
EOSMAIN|22747234|1096|2818133
EOSMAIN|22745560|1097|2818134
EOSMAIN|5189178|1098|2818135
EOSMAIN|22739285|1099|2818136
EOSMAIN|22741497|1100|2818137
EOSMAIN|5550630|2301|2819338
EOSMAIN|5547254|2302|2819339
EOSMAIN|5545571|2303|2819340
EOSMAIN|5545540|2304|2819341
EOSMAIN|5545515|2305|2819342
EOSMAIN|5544863|2306|2819343
EOSMAIN|5544707|2307|2819344
EOSMAIN|5544660|2308|2819345
EOSMAIN|5544613|2309|2819346
EOSMAIN|5544574|2310|2819347
EOSMAIN|5544552|2311|2819348
EOSMAIN|5544517|2312|2819349
EOSMAIN|5544495|2313|2819350
EOSMAIN|5544412|2314|2819351
EOSMAIN|5544364|2315|2819352
EOSMAIN|5544228|2316|2819353
EOSMAIN|5544207|2317|2819354
EOSMAIN|5544060|2318|2819355
EOSMAIN|5542933|2319|2819356
EOSMAIN|5535399|2320|2819357
EOSMAIN|5534138|2321|2819358
EOSMAIN|5533351|2322|2819359
EOSMAIN|5533331|2323|2819360
EOSMAIN|5533300|2324|2819361
EOSMAIN|5533269|2325|2819362
EOSMAIN|5533249|2326|2819363
EOSMAIN|5533218|2327|2819364
EOSMAIN|5533187|2328|2819365
EOSMAIN|5533156|2329|2819366
EOSMAIN|5533125|2330|2819367
EOSMAIN|5533105|2331|2819368
EOSMAIN|5533085|2332|2819369
EOSMAIN|5533054|2333|2819370
EOSMAIN|5533034|2334|2819371
EOSMAIN|5533014|2335|2819372
EOSMAIN|5532983|2336|2819373
EOSMAIN|5532952|2337|2819374
EOSMAIN|5532932|2338|2819375
EOSMAIN|5532901|2339|2819376
EOSMAIN|5532881|2340|2819377
EOSMAIN|5532850|2341|2819378
EOSMAIN|5532816|2342|2819379
EOSMAIN|5532784|2343|2819380
EOSMAIN|5531586|2344|2819381
EOSMAIN|5531551|2345|2819382
EOSMAIN|5531525|2346|2819383
EOSMAIN|5531488|2347|2819384
EOSMAIN|5531416|2348|2819385
EOSMAIN|5531394|2349|2819386
EOSMAIN|5531368|2350|2819387
EOSMAIN|5531306|2351|2819388
EOSMAIN|5531271|2352|2819389
EOSMAIN|5531249|2353|2819390
EOSMAIN|5531212|2354|2819391
EOSMAIN|5531022|2355|2819392
EOSMAIN|5529263|2356|2819393
EOSMAIN|5527229|2357|2819394
EOSMAIN|5527209|2358|2819395
EOSMAIN|5527164|2359|2819396
EOSMAIN|5527143|2360|2819397
EOSMAIN|5527111|2361|2819398
EOSMAIN|5527089|2362|2819399
EOSMAIN|5527066|2363|2819400
EOSMAIN|5527034|2364|2819401
EOSMAIN|5527013|2365|2819402
EOSMAIN|5526939|2366|2819403
EOSMAIN|5526907|2367|2819404
EOSMAIN|5526873|2368|2819405
EOSMAIN|5526802|2369|2819406
EOSMAIN|5526707|2370|2819407
EOSMAIN|5526673|2371|2819408
EOSMAIN|5523496|2372|2819409
EOSMAIN|5523391|2373|2819410
EOSMAIN|5523354|2374|2819411
EOSMAIN|5523269|2375|2819412
EOSMAIN|5523247|2376|2819413
EOSMAIN|5523171|2377|2819414
EOSMAIN|5523121|2378|2819415
EOSMAIN|5523097|2379|2819416
EOSMAIN|5523062|2380|2819417
EOSMAIN|5521957|2381|2819418
EOSMAIN|5521920|2382|2819419
EOSMAIN|5521883|2383|2819420
EOSMAIN|5521800|2384|2819421
EOSMAIN|5521727|2385|2819422
EOSMAIN|5519397|2386|2819423
EOSMAIN|5519275|2387|2819424
EOSMAIN|5516893|2388|2819425
EOSMAIN|5514822|2389|2819426
EOSMAIN|5514098|2390|2819427
EOSMAIN|5514024|2391|2819428
EOSMAIN|5513981|2392|2819429
EOSMAIN|5513957|2393|2819430
EOSMAIN|5513887|2394|2819431
EOSMAIN|5513841|2395|2819432
EOSMAIN|5513819|2396|2819433
EOSMAIN|5513700|2397|2819434
EOSMAIN|5513667|2398|2819435
EOSMAIN|5513605|2399|2819436
EOSMAIN|5513549|2400|2819437
EOSMAIN|5513523|2401|2819438
EOSMAIN|5513488|2402|2819439
EOSMAIN|5513464|2403|2819440
EOSMAIN|5513438|2404|2819441
EOSMAIN|5513417|2405|2819442
EOSMAIN|5513384|2406|2819443
EOSMAIN|5513325|2407|2819444
EOSMAIN|5509422|2408|2819445
EOSMAIN|5509224|2409|2819446
EOSMAIN|5505861|2410|2819447
EOSMAIN|5502563|2411|2819448
EOSMAIN|5499514|2412|2819449
EOSMAIN|5498501|2413|2819450
EOSMAIN|5497412|2414|2819451
EOSMAIN|5489943|2415|2819452
EOSMAIN|5487312|2416|2819453
EOSMAIN|5487186|2417|2819454
EOSMAIN|5487164|2418|2819455
EOSMAIN|5487125|2419|2819456
EOSMAIN|5487063|2420|2819457
EOSMAIN|5487029|2421|2819458
EOSMAIN|5486978|2422|2819459
EOSMAIN|5486955|2423|2819460
EOSMAIN|5486922|2424|2819461
EOSMAIN|5481171|2425|2819462
EOSMAIN|5480623|2426|2819463
EOSMAIN|5476673|2427|2819464
EOSMAIN|5475853|2428|2819465
EOSMAIN|5475808|2429|2819466
EOSMAIN|5475790|2430|2819467
EOSMAIN|5475739|2431|2819468
EOSMAIN|5475712|2432|2819469
EOSMAIN|5475497|2433|2819470
EOSMAIN|5475476|2434|2819471
EOSMAIN|5475440|2435|2819472
EOSMAIN|5475404|2436|2819473
EOSMAIN|5475381|2437|2819474
EOSMAIN|5475347|2438|2819475
EOSMAIN|5475323|2439|2819476
EOSMAIN|5475300|2440|2819477
EOSMAIN|5475277|2441|2819478
EOSMAIN|5475254|2442|2819479
EOSMAIN|5475219|2443|2819480
EOSMAIN|5475197|2444|2819481
EOSMAIN|5468370|2445|2819482
EOSMAIN|5463780|2446|2819483
EOSMAIN|5463750|2447|2819484
EOSMAIN|5463720|2448|2819485
EOSMAIN|5463679|2449|2819486
EOSMAIN|5458879|2450|2819487
EOSMAIN|5458735|2451|2819488
EOSMAIN|5458693|2452|2819489
EOSMAIN|5458616|2453|2819490
EOSMAIN|5458595|2454|2819491
EOSMAIN|5456398|2455|2819492
EOSMAIN|5456352|2456|2819493
EOSMAIN|5454212|2457|2819494
EOSMAIN|5454174|2458|2819495
EOSMAIN|5454140|2459|2819496
EOSMAIN|5454095|2460|2819497
EOSMAIN|5454070|2461|2819498
EOSMAIN|5454049|2462|2819499
EOSMAIN|5454017|2463|2819500
EOSMAIN|5453994|2464|2819501
EOSMAIN|5453971|2465|2819502
EOSMAIN|5453948|2466|2819503
EOSMAIN|5447864|2467|2819504
EOSMAIN|5447832|2468|2819505
EOSMAIN|5447798|2469|2819506
EOSMAIN|5447779|2470|2819507
EOSMAIN|5447749|2471|2819508
EOSMAIN|5444135|2472|2819509
EOSMAIN|5444103|2473|2819510
EOSMAIN|5440799|2474|2819511
EOSMAIN|5440683|2475|2819512
EOSMAIN|5438655|2476|2819513
EOSMAIN|5438608|2477|2819514
EOSMAIN|5438581|2478|2819515
EOSMAIN|5438549|2479|2819516
EOSMAIN|5438522|2480|2819517
EOSMAIN|5438500|2481|2819518
EOSMAIN|5438479|2482|2819519
EOSMAIN|5434189|2483|2819520
EOSMAIN|5432591|2484|2819521
EOSMAIN|5432561|2485|2819522
EOSMAIN|5432107|2486|2819523
EOSMAIN|5432084|2487|2819524
EOSMAIN|5432063|2488|2819525
EOSMAIN|5429817|2489|2819526
EOSMAIN|5429757|2490|2819527
EOSMAIN|5429727|2491|2819528
EOSMAIN|5429708|2492|2819529
EOSMAIN|5429678|2493|2819530
EOSMAIN|5429648|2494|2819531
EOSMAIN|5429618|2495|2819532
EOSMAIN|5429554|2496|2819533
EOSMAIN|5429501|2497|2819534
EOSMAIN|5429445|2498|2819535
EOSMAIN|5428334|2499|2819536
EOSMAIN|5428313|2500|2819537
EOSMAIN|5270972|2801|2819838
EOSMAIN|5270941|2802|2819839
EOSMAIN|5270921|2803|2819840
EOSMAIN|5270889|2804|2819841
EOSMAIN|5270777|2805|2819842
EOSMAIN|5270721|2806|2819843
EOSMAIN|5270618|2807|2819844
EOSMAIN|5270550|2808|2819845
EOSMAIN|5270527|2809|2819846
EOSMAIN|5270481|2810|2819847
EOSMAIN|5270438|2811|2819848
EOSMAIN|5270417|2812|2819849
EOSMAIN|5270340|2813|2819850
EOSMAIN|5270310|2814|2819851
EOSMAIN|5270265|2815|2819852
EOSMAIN|5264540|2816|2819853
EOSMAIN|5261085|2817|2819854
EOSMAIN|5261055|2818|2819855
EOSMAIN|5261021|2819|2819856
EOSMAIN|5246031|2820|2819857
EOSMAIN|5246014|2821|2819858
EOSMAIN|5245983|2822|2819859
EOSMAIN|5245961|2823|2819860
EOSMAIN|5245938|2824|2819861
EOSMAIN|5245893|2825|2819862
EOSMAIN|5245863|2826|2819863
EOSMAIN|5245846|2827|2819864
EOSMAIN|5233205|2828|2819865
EOSMAIN|5231369|2829|2819866
EOSMAIN|5231291|2830|2819867
EOSMAIN|5231169|2831|2819868
EOSMAIN|5229321|2832|2819869
EOSMAIN|5225201|2833|2819870
EOSMAIN|5224795|2834|2819871
EOSMAIN|5224777|2835|2819872
EOSMAIN|5224749|2836|2819873
EOSMAIN|5224720|2837|2819874
EOSMAIN|5224662|2838|2819875
EOSMAIN|5224633|2839|2819876
EOSMAIN|5224615|2840|2819877
EOSMAIN|5224599|2841|2819878
EOSMAIN|5224554|2842|2819879
EOSMAIN|5224540|2843|2819880
EOSMAIN|5224512|2844|2819881
EOSMAIN|5224484|2845|2819882
EOSMAIN|5224456|2846|2819883
EOSMAIN|5224428|2847|2819884
EOSMAIN|5224411|2848|2819885
EOSMAIN|5224366|2849|2819886
EOSMAIN|5224310|2850|2819887
EOSMAIN|5224254|2851|2819888
EOSMAIN|5224226|2852|2819889
EOSMAIN|5224209|2853|2819890
EOSMAIN|5224153|2854|2819891
EOSMAIN|5224106|2855|2819892
EOSMAIN|5224090|2856|2819893
EOSMAIN|5223972|2857|2819894
EOSMAIN|5223954|2858|2819895
EOSMAIN|5223914|2859|2819896
EOSMAIN|5223894|2860|2819897
EOSMAIN|5223877|2861|2819898
EOSMAIN|5223859|2862|2819899
EOSMAIN|5223841|2863|2819900
EOSMAIN|5223822|2864|2819901
EOSMAIN|5223804|2865|2819902
EOSMAIN|5223767|2866|2819903
EOSMAIN|5223749|2867|2819904
EOSMAIN|5223732|2868|2819905
EOSMAIN|5223714|2869|2819906
EOSMAIN|5223681|2870|2819907
EOSMAIN|5223610|2871|2819908
EOSMAIN|5223593|2872|2819909
EOSMAIN|5223552|2873|2819910
EOSMAIN|5223492|2874|2819911
EOSMAIN|5223463|2875|2819912
EOSMAIN|5223447|2876|2819913
EOSMAIN|5223417|2877|2819914
EOSMAIN|5223188|2878|2819915
EOSMAIN|5223053|2879|2819916
EOSMAIN|5222129|2880|2819917
EOSMAIN|5222097|2881|2819918
EOSMAIN|5222077|2882|2819919
EOSMAIN|5222055|2883|2819920
EOSMAIN|5222035|2884|2819921
EOSMAIN|5222016|2885|2819922
EOSMAIN|5221958|2886|2819923
EOSMAIN|5221924|2887|2819924
EOSMAIN|5221906|2888|2819925
EOSMAIN|5221887|2889|2819926
EOSMAIN|5221856|2890|2819927
EOSMAIN|5221838|2891|2819928
EOSMAIN|5221818|2892|2819929
EOSMAIN|5221796|2893|2819930
EOSMAIN|5221774|2894|2819931
EOSMAIN|5221729|2895|2819932
EOSMAIN|5221697|2896|2819933
EOSMAIN|5221654|2897|2819934
EOSMAIN|5221616|2898|2819935
EOSMAIN|5221578|2899|2819936
EOSMAIN|5221547|2900|2819937
EOSMAIN|5325548|2701|2819738
EOSMAIN|5325528|2702|2819739
EOSMAIN|5325496|2703|2819740
EOSMAIN|5325477|2704|2819741
EOSMAIN|5325450|2705|2819742
EOSMAIN|5325427|2706|2819743
EOSMAIN|5325411|2707|2819744
EOSMAIN|5325346|2708|2819745
EOSMAIN|5325315|2709|2819746
EOSMAIN|5314131|2710|2819747
EOSMAIN|5312100|2711|2819748
EOSMAIN|5311823|2712|2819749
EOSMAIN|5311781|2713|2819750
EOSMAIN|5311735|2714|2819751
EOSMAIN|5311701|2715|2819752
EOSMAIN|5311652|2716|2819753
EOSMAIN|5311609|2717|2819754
EOSMAIN|5306902|2718|2819755
EOSMAIN|5306038|2719|2819756
EOSMAIN|5306007|2720|2819757
EOSMAIN|5305976|2721|2819758
EOSMAIN|5305945|2722|2819759
EOSMAIN|5305914|2723|2819760
EOSMAIN|5305883|2724|2819761
EOSMAIN|5305852|2725|2819762
EOSMAIN|5305821|2726|2819763
EOSMAIN|5305790|2727|2819764
EOSMAIN|5305759|2728|2819765
EOSMAIN|5305741|2729|2819766
EOSMAIN|5305710|2730|2819767
EOSMAIN|5305680|2731|2819768
EOSMAIN|5305630|2732|2819769
EOSMAIN|5305599|2733|2819770
EOSMAIN|5305568|2734|2819771
EOSMAIN|5305537|2735|2819772
EOSMAIN|5305506|2736|2819773
EOSMAIN|5305476|2737|2819774
EOSMAIN|5305445|2738|2819775
EOSMAIN|5305383|2739|2819776
EOSMAIN|5305332|2740|2819777
EOSMAIN|5305301|2741|2819778
EOSMAIN|5305177|2742|2819779
EOSMAIN|5305156|2743|2819780
EOSMAIN|5305135|2744|2819781
EOSMAIN|5305112|2745|2819782
EOSMAIN|5305080|2746|2819783
EOSMAIN|5299327|2747|2819784
EOSMAIN|5299308|2748|2819785
EOSMAIN|5299274|2749|2819786
EOSMAIN|5299205|2750|2819787
EOSMAIN|5299182|2751|2819788
EOSMAIN|5299126|2752|2819789
EOSMAIN|5299107|2753|2819790
EOSMAIN|5299075|2754|2819791
EOSMAIN|5299056|2755|2819792
EOSMAIN|5299037|2756|2819793
EOSMAIN|5298962|2757|2819794
EOSMAIN|5298918|2758|2819795
EOSMAIN|5292620|2759|2819796
EOSMAIN|5287437|2760|2819797
EOSMAIN|5287405|2761|2819798
EOSMAIN|5284313|2762|2819799
EOSMAIN|5284270|2763|2819800
EOSMAIN|5284234|2764|2819801
EOSMAIN|5284171|2765|2819802
EOSMAIN|5284122|2766|2819803
EOSMAIN|5284082|2767|2819804
EOSMAIN|5284044|2768|2819805
EOSMAIN|5284017|2769|2819806
EOSMAIN|5283996|2770|2819807
EOSMAIN|5283976|2771|2819808
EOSMAIN|5283944|2772|2819809
EOSMAIN|5283919|2773|2819810
EOSMAIN|5283886|2774|2819811
EOSMAIN|5283859|2775|2819812
EOSMAIN|5283836|2776|2819813
EOSMAIN|5283755|2777|2819814
EOSMAIN|5283723|2778|2819815
EOSMAIN|5283661|2779|2819816
EOSMAIN|5283639|2780|2819817
EOSMAIN|5283583|2781|2819818
EOSMAIN|5283562|2782|2819819
EOSMAIN|5283530|2783|2819820
EOSMAIN|5279954|2784|2819821
EOSMAIN|5277713|2785|2819822
EOSMAIN|5275399|2786|2819823
EOSMAIN|5271406|2787|2819824
EOSMAIN|5271375|2788|2819825
EOSMAIN|5271344|2789|2819826
EOSMAIN|5271313|2790|2819827
EOSMAIN|5271282|2791|2819828
EOSMAIN|5271251|2792|2819829
EOSMAIN|5271220|2793|2819830
EOSMAIN|5271189|2794|2819831
EOSMAIN|5271158|2795|2819832
EOSMAIN|5271127|2796|2819833
EOSMAIN|5271096|2797|2819834
EOSMAIN|5271065|2798|2819835
EOSMAIN|5271034|2799|2819836
EOSMAIN|5271003|2800|2819837
EOSMAIN|6323944|1601|2818638
EOSMAIN|6323898|1602|2818639
EOSMAIN|6323836|1603|2818640
EOSMAIN|6323805|1604|2818641
EOSMAIN|6323774|1605|2818642
EOSMAIN|6323743|1606|2818643
EOSMAIN|6323712|1607|2818644
EOSMAIN|6323681|1608|2818645
EOSMAIN|6323599|1609|2818646
EOSMAIN|6323428|1610|2818647
EOSMAIN|6323364|1611|2818648
EOSMAIN|6323264|1612|2818649
EOSMAIN|6323227|1613|2818650
EOSMAIN|6323165|1614|2818651
EOSMAIN|6323080|1615|2818652
EOSMAIN|6322556|1616|2818653
EOSMAIN|6322534|1617|2818654
EOSMAIN|6322514|1618|2818655
EOSMAIN|6322469|1619|2818656
EOSMAIN|6320450|1620|2818657
EOSMAIN|6319643|1621|2818658
EOSMAIN|6318698|1622|2818659
EOSMAIN|6317860|1623|2818660
EOSMAIN|6309670|1624|2818661
EOSMAIN|6307584|1625|2818662
EOSMAIN|6305761|1626|2818663
EOSMAIN|6305633|1627|2818664
EOSMAIN|6299272|1628|2818665
EOSMAIN|6295045|1629|2818666
EOSMAIN|6293709|1630|2818667
EOSMAIN|6293692|1631|2818668
EOSMAIN|6293675|1632|2818669
EOSMAIN|6293646|1633|2818670
EOSMAIN|6289282|1634|2818671
EOSMAIN|6289251|1635|2818672
EOSMAIN|6288734|1636|2818673
EOSMAIN|6288662|1637|2818674
EOSMAIN|6288579|1638|2818675
EOSMAIN|6288560|1639|2818676
EOSMAIN|6288169|1640|2818677
EOSMAIN|6287005|1641|2818678
EOSMAIN|6282793|1642|2818679
EOSMAIN|6282547|1643|2818680
EOSMAIN|6278761|1644|2818681
EOSMAIN|6269522|1645|2818682
EOSMAIN|6264783|1646|2818683
EOSMAIN|6257667|1647|2818684
EOSMAIN|6257644|1648|2818685
EOSMAIN|6257469|1649|2818686
EOSMAIN|6257363|1650|2818687
EOSMAIN|6257284|1651|2818688
EOSMAIN|6257210|1652|2818689
EOSMAIN|6257009|1653|2818690
EOSMAIN|6249381|1654|2818691
EOSMAIN|6249358|1655|2818692
EOSMAIN|6249235|1656|2818693
EOSMAIN|6249179|1657|2818694
EOSMAIN|6249093|1658|2818695
EOSMAIN|6245677|1659|2818696
EOSMAIN|6244685|1660|2818697
EOSMAIN|6243203|1661|2818698
EOSMAIN|6243044|1662|2818699
EOSMAIN|6242793|1663|2818700
EOSMAIN|6242717|1664|2818701
EOSMAIN|6242454|1665|2818702
EOSMAIN|6240580|1666|2818703
EOSMAIN|6240560|1667|2818704
EOSMAIN|6240540|1668|2818705
EOSMAIN|6240497|1669|2818706
EOSMAIN|6240424|1670|2818707
EOSMAIN|6240391|1671|2818708
EOSMAIN|6240276|1672|2818709
EOSMAIN|6240103|1673|2818710
EOSMAIN|6240056|1674|2818711
EOSMAIN|6239729|1675|2818712
EOSMAIN|6239539|1676|2818713
EOSMAIN|6239390|1677|2818714
EOSMAIN|6239332|1678|2818715
EOSMAIN|6232798|1679|2818716
EOSMAIN|6228757|1680|2818717
EOSMAIN|6228644|1681|2818718
EOSMAIN|6228593|1682|2818719
EOSMAIN|6228564|1683|2818720
EOSMAIN|6228529|1684|2818721
EOSMAIN|6228475|1685|2818722
EOSMAIN|6228451|1686|2818723
EOSMAIN|6228353|1687|2818724
EOSMAIN|6228121|1688|2818725
EOSMAIN|6228049|1689|2818726
EOSMAIN|6227949|1690|2818727
EOSMAIN|6227885|1691|2818728
EOSMAIN|6227860|1692|2818729
EOSMAIN|6224927|1693|2818730
EOSMAIN|6224847|1694|2818731
EOSMAIN|6224689|1695|2818732
EOSMAIN|6224558|1696|2818733
EOSMAIN|6224344|1697|2818734
EOSMAIN|6222743|1698|2818735
EOSMAIN|6219290|1699|2818736
EOSMAIN|6217611|1700|2818737
EOSMAIN|6418149|1501|2818538
EOSMAIN|6417548|1502|2818539
EOSMAIN|6417156|1503|2818540
EOSMAIN|6417127|1504|2818541
EOSMAIN|6417087|1505|2818542
EOSMAIN|6416847|1506|2818543
EOSMAIN|6416747|1507|2818544
EOSMAIN|6416682|1508|2818545
EOSMAIN|6412450|1509|2818546
EOSMAIN|6412323|1510|2818547
EOSMAIN|6412152|1511|2818548
EOSMAIN|6406077|1512|2818549
EOSMAIN|6402982|1513|2818550
EOSMAIN|6400252|1514|2818551
EOSMAIN|6399895|1515|2818552
EOSMAIN|6399874|1516|2818553
EOSMAIN|6399684|1517|2818554
EOSMAIN|6398935|1518|2818555
EOSMAIN|6398894|1519|2818556
EOSMAIN|6398716|1520|2818557
EOSMAIN|6398678|1521|2818558
EOSMAIN|6398577|1522|2818559
EOSMAIN|6398541|1523|2818560
EOSMAIN|6398494|1524|2818561
EOSMAIN|6397964|1525|2818562
EOSMAIN|6397929|1526|2818563
EOSMAIN|6397516|1527|2818564
EOSMAIN|6397102|1528|2818565
EOSMAIN|6396578|1529|2818566
EOSMAIN|6388073|1530|2818567
EOSMAIN|6386687|1531|2818568
EOSMAIN|6386649|1532|2818569
EOSMAIN|6386576|1533|2818570
EOSMAIN|6385277|1534|2818571
EOSMAIN|6379822|1535|2818572
EOSMAIN|6379777|1536|2818573
EOSMAIN|6379051|1537|2818574
EOSMAIN|6378728|1538|2818575
EOSMAIN|6378665|1539|2818576
EOSMAIN|6378616|1540|2818577
EOSMAIN|6378395|1541|2818578
EOSMAIN|6378314|1542|2818579
EOSMAIN|6378176|1543|2818580
EOSMAIN|6378062|1544|2818581
EOSMAIN|6378035|1545|2818582
EOSMAIN|6376959|1546|2818583
EOSMAIN|6376788|1547|2818584
EOSMAIN|6372821|1548|2818585
EOSMAIN|6372736|1549|2818586
EOSMAIN|6371199|1550|2818587
EOSMAIN|6370524|1551|2818588
EOSMAIN|6369653|1552|2818589
EOSMAIN|6369414|1553|2818590
EOSMAIN|6369394|1554|2818591
EOSMAIN|6369346|1555|2818592
EOSMAIN|6369324|1556|2818593
EOSMAIN|6369292|1557|2818594
EOSMAIN|6369260|1558|2818595
EOSMAIN|6369029|1559|2818596
EOSMAIN|6368845|1560|2818597
EOSMAIN|6368755|1561|2818598
EOSMAIN|6368728|1562|2818599
EOSMAIN|6363570|1563|2818600
EOSMAIN|6363550|1564|2818601
EOSMAIN|6363484|1565|2818602
EOSMAIN|6363464|1566|2818603
EOSMAIN|6363443|1567|2818604
EOSMAIN|6363277|1568|2818605
EOSMAIN|6363239|1569|2818606
EOSMAIN|6363201|1570|2818607
EOSMAIN|6363115|1571|2818608
EOSMAIN|6363064|1572|2818609
EOSMAIN|6362953|1573|2818610
EOSMAIN|6362926|1574|2818611
EOSMAIN|6362890|1575|2818612
EOSMAIN|6362852|1576|2818613
EOSMAIN|6362825|1577|2818614
EOSMAIN|6362748|1578|2818615
EOSMAIN|6362638|1579|2818616
EOSMAIN|6362607|1580|2818617
EOSMAIN|6362531|1581|2818618
EOSMAIN|6362495|1582|2818619
EOSMAIN|6362368|1583|2818620
EOSMAIN|6362293|1584|2818621
EOSMAIN|6362274|1585|2818622
EOSMAIN|6362237|1586|2818623
EOSMAIN|6359812|1587|2818624
EOSMAIN|6357736|1588|2818625
EOSMAIN|6348979|1589|2818626
EOSMAIN|6348959|1590|2818627
EOSMAIN|6348939|1591|2818628
EOSMAIN|6348880|1592|2818629
EOSMAIN|6344113|1593|2818630
EOSMAIN|6339405|1594|2818631
EOSMAIN|6339163|1595|2818632
EOSMAIN|6329088|1596|2818633
EOSMAIN|6328802|1597|2818634
EOSMAIN|6325044|1598|2818635
EOSMAIN|6324035|1599|2818636
EOSMAIN|6323993|1600|2818637
EOSMAIN|5655019|2201|2819238
EOSMAIN|5654991|2202|2819239
EOSMAIN|5654967|2203|2819240
EOSMAIN|5654377|2204|2819241
EOSMAIN|5651478|2205|2819242
EOSMAIN|5649348|2206|2819243
EOSMAIN|5644331|2207|2819244
EOSMAIN|5644305|2208|2819245
EOSMAIN|5644257|2209|2819246
EOSMAIN|5644196|2210|2819247
EOSMAIN|5644005|2211|2819248
EOSMAIN|5640595|2212|2819249
EOSMAIN|5640361|2213|2819250
EOSMAIN|5640324|2214|2819251
EOSMAIN|5640289|2215|2819252
EOSMAIN|5640250|2216|2819253
EOSMAIN|5640204|2217|2819254
EOSMAIN|5640156|2218|2819255
EOSMAIN|5637852|2219|2819256
EOSMAIN|5637815|2220|2819257
EOSMAIN|5637769|2221|2819258
EOSMAIN|5637741|2222|2819259
EOSMAIN|5637717|2223|2819260
EOSMAIN|5637671|2224|2819261
EOSMAIN|5637597|2225|2819262
EOSMAIN|5634568|2226|2819263
EOSMAIN|5633036|2227|2819264
EOSMAIN|5633002|2228|2819265
EOSMAIN|5632969|2229|2819266
EOSMAIN|5627200|2230|2819267
EOSMAIN|5622200|2231|2819268
EOSMAIN|5621709|2232|2819269
EOSMAIN|5621659|2233|2819270
EOSMAIN|5621614|2234|2819271
EOSMAIN|5621577|2235|2819272
EOSMAIN|5621174|2236|2819273
EOSMAIN|5617922|2237|2819274
EOSMAIN|5617187|2238|2819275
EOSMAIN|5617127|2239|2819276
EOSMAIN|5614793|2240|2819277
EOSMAIN|5604585|2241|2819278
EOSMAIN|5603645|2242|2819279
EOSMAIN|5603624|2243|2819280
EOSMAIN|5600453|2244|2819281
EOSMAIN|5595929|2245|2819282
EOSMAIN|5595857|2246|2819283
EOSMAIN|5595770|2247|2819284
EOSMAIN|5595747|2248|2819285
EOSMAIN|5592065|2249|2819286
EOSMAIN|5586874|2250|2819287
EOSMAIN|5586841|2251|2819288
EOSMAIN|5586753|2252|2819289
EOSMAIN|5584276|2253|2819290
EOSMAIN|5584252|2254|2819291
EOSMAIN|5584215|2255|2819292
EOSMAIN|5584193|2256|2819293
EOSMAIN|5582832|2257|2819294
EOSMAIN|5574412|2258|2819295
EOSMAIN|5574353|2259|2819296
EOSMAIN|5574329|2260|2819297
EOSMAIN|5574305|2261|2819298
EOSMAIN|5574275|2262|2819299
EOSMAIN|5574199|2263|2819300
EOSMAIN|5574010|2264|2819301
EOSMAIN|5570890|2265|2819302
EOSMAIN|5570757|2266|2819303
EOSMAIN|5569525|2267|2819304
EOSMAIN|5569488|2268|2819305
EOSMAIN|5569361|2269|2819306
EOSMAIN|5568837|2270|2819307
EOSMAIN|5566052|2271|2819308
EOSMAIN|5566015|2272|2819309
EOSMAIN|5565583|2273|2819310
EOSMAIN|5565521|2274|2819311
EOSMAIN|5565500|2275|2819312
EOSMAIN|5564498|2276|2819313
EOSMAIN|5563626|2277|2819314
EOSMAIN|5563604|2278|2819315
EOSMAIN|5563580|2279|2819316
EOSMAIN|5563547|2280|2819317
EOSMAIN|5563521|2281|2819318
EOSMAIN|5563368|2282|2819319
EOSMAIN|5563344|2283|2819320
EOSMAIN|5563298|2284|2819321
EOSMAIN|5563248|2285|2819322
EOSMAIN|5563224|2286|2819323
EOSMAIN|5563148|2287|2819324
EOSMAIN|5563093|2288|2819325
EOSMAIN|5563072|2289|2819326
EOSMAIN|5563038|2290|2819327
EOSMAIN|5563004|2291|2819328
EOSMAIN|5556601|2292|2819329
EOSMAIN|5556565|2293|2819330
EOSMAIN|5556403|2294|2819331
EOSMAIN|5552554|2295|2819332
EOSMAIN|5552493|2296|2819333
EOSMAIN|5552460|2297|2819334
EOSMAIN|5552425|2298|2819335
EOSMAIN|5552320|2299|2819336
EOSMAIN|5551392|2300|2819337
EOSMAIN|5791288|2101|2819138
EOSMAIN|5791245|2102|2819139
EOSMAIN|5791208|2103|2819140
EOSMAIN|5791147|2104|2819141
EOSMAIN|5791127|2105|2819142
EOSMAIN|5791090|2106|2819143
EOSMAIN|5791016|2107|2819144
EOSMAIN|5790992|2108|2819145
EOSMAIN|5790943|2109|2819146
EOSMAIN|5790831|2110|2819147
EOSMAIN|5790797|2111|2819148
EOSMAIN|5790751|2112|2819149
EOSMAIN|5790727|2113|2819150
EOSMAIN|5790655|2114|2819151
EOSMAIN|5790583|2115|2819152
EOSMAIN|5790496|2116|2819153
EOSMAIN|5790475|2117|2819154
EOSMAIN|5790384|2118|2819155
EOSMAIN|5790299|2119|2819156
EOSMAIN|5790214|2120|2819157
EOSMAIN|5790159|2121|2819158
EOSMAIN|5775596|2122|2819159
EOSMAIN|5775563|2123|2819160
EOSMAIN|5775516|2124|2819161
EOSMAIN|5775447|2125|2819162
EOSMAIN|5775342|2126|2819163
EOSMAIN|5775309|2127|2819164
EOSMAIN|5775270|2128|2819165
EOSMAIN|5775229|2129|2819166
EOSMAIN|5775206|2130|2819167
EOSMAIN|5775174|2131|2819168
EOSMAIN|5775150|2132|2819169
EOSMAIN|5775104|2133|2819170
EOSMAIN|5775081|2134|2819171
EOSMAIN|5775058|2135|2819172
EOSMAIN|5775024|2136|2819173
EOSMAIN|5774891|2137|2819174
EOSMAIN|5773008|2138|2819175
EOSMAIN|5769467|2139|2819176
EOSMAIN|5769427|2140|2819177
EOSMAIN|5768806|2141|2819178
EOSMAIN|5768756|2142|2819179
EOSMAIN|5768720|2143|2819180
EOSMAIN|5768527|2144|2819181
EOSMAIN|5758981|2145|2819182
EOSMAIN|5757934|2146|2819183
EOSMAIN|5757869|2147|2819184
EOSMAIN|5756982|2148|2819185
EOSMAIN|5753443|2149|2819186
EOSMAIN|5749766|2150|2819187
EOSMAIN|5749744|2151|2819188
EOSMAIN|5745674|2152|2819189
EOSMAIN|5744259|2153|2819190
EOSMAIN|5739001|2154|2819191
EOSMAIN|5738982|2155|2819192
EOSMAIN|5738963|2156|2819193
EOSMAIN|5738927|2157|2819194
EOSMAIN|5738905|2158|2819195
EOSMAIN|5738647|2159|2819196
EOSMAIN|5738537|2160|2819197
EOSMAIN|5738515|2161|2819198
EOSMAIN|5738467|2162|2819199
EOSMAIN|5738408|2163|2819200
EOSMAIN|5738312|2164|2819201
EOSMAIN|5738275|2165|2819202
EOSMAIN|5733202|2166|2819203
EOSMAIN|5726722|2167|2819204
EOSMAIN|5725840|2168|2819205
EOSMAIN|5725389|2169|2819206
EOSMAIN|5720042|2170|2819207
EOSMAIN|5704896|2171|2819208
EOSMAIN|5704862|2172|2819209
EOSMAIN|5703032|2173|2819210
EOSMAIN|5697080|2174|2819211
EOSMAIN|5697034|2175|2819212
EOSMAIN|5697010|2176|2819213
EOSMAIN|5696951|2177|2819214
EOSMAIN|5696852|2178|2819215
EOSMAIN|5682497|2179|2819216
EOSMAIN|5682473|2180|2819217
EOSMAIN|5682436|2181|2819218
EOSMAIN|5682362|2182|2819219
EOSMAIN|5682338|2183|2819220
EOSMAIN|5682303|2184|2819221
EOSMAIN|5681836|2185|2819222
EOSMAIN|5681556|2186|2819223
EOSMAIN|5671581|2187|2819224
EOSMAIN|5671516|2188|2819225
EOSMAIN|5671494|2189|2819226
EOSMAIN|5669776|2190|2819227
EOSMAIN|5668032|2191|2819228
EOSMAIN|5666308|2192|2819229
EOSMAIN|5665033|2193|2819230
EOSMAIN|5665007|2194|2819231
EOSMAIN|5661798|2195|2819232
EOSMAIN|5661774|2196|2819233
EOSMAIN|5660737|2197|2819234
EOSMAIN|5660139|2198|2819235
EOSMAIN|5660080|2199|2819236
EOSMAIN|5660046|2200|2819237
EOSMAIN|17627867|1|2817038
EOSMAIN|5725548|2|2817039
EOSMAIN|6457287|3|2817040
EOSMAIN|5312840|4|2817041
EOSMAIN|22529237|5|2817042
EOSMAIN|5403407|6|2817043
EOSMAIN|5532800|7|2817044
EOSMAIN|5119312|8|2817045
EOSMAIN|5216954|9|2817046
EOSMAIN|5176124|10|2817047
EOSMAIN|22665386|11|2817048
EOSMAIN|22601644|12|2817049
EOSMAIN|5403435|13|2817050
EOSMAIN|5701290|14|2817051
EOSMAIN|5779632|15|2817052
EOSMAIN|22677723|16|2817053
EOSMAIN|22601618|17|2817054
EOSMAIN|6191764|18|2817055
EOSMAIN|22587877|19|2817056
EOSMAIN|22520605|20|2817057
EOSMAIN|5931735|21|2817058
EOSMAIN|5312664|22|2817059
EOSMAIN|22666141|23|2817060
EOSMAIN|5216972|24|2817061
EOSMAIN|5765934|25|2817062
EOSMAIN|5833514|26|2817063
EOSMAIN|5222633|27|2817064
EOSMAIN|5223579|28|2817065
EOSMAIN|6135387|29|2817066
EOSMAIN|22727107|30|2817067
EOSMAIN|22711910|31|2817068
EOSMAIN|22589345|32|2817069
EOSMAIN|22588225|33|2817070
EOSMAIN|22401875|34|2817071
EOSMAIN|6293061|35|2817072
EOSMAIN|5806164|36|2817073
EOSMAIN|5765901|37|2817074
EOSMAIN|5512684|38|2817075
EOSMAIN|5216937|39|2817076
EOSMAIN|5222980|40|2817077
EOSMAIN|5694769|41|2817078
EOSMAIN|5445641|42|2817079
EOSMAIN|5048359|43|2817080
EOSMAIN|5936412|44|2817081
EOSMAIN|5960773|45|2817082
EOSMAIN|5966284|46|2817083
EOSMAIN|5834088|47|2817084
EOSMAIN|5856552|48|2817085
EOSMAIN|5176283|49|2817086
EOSMAIN|5222147|50|2817087
EOSMAIN|5222372|51|2817088
EOSMAIN|5222597|52|2817089
EOSMAIN|5162082|53|2817090
EOSMAIN|5499005|54|2817091
EOSMAIN|22671101|55|2817092
EOSMAIN|22514308|56|2817093
EOSMAIN|22466912|57|2817094
EOSMAIN|6483866|58|2817095
EOSMAIN|6425197|59|2817096
EOSMAIN|6292954|60|2817097
EOSMAIN|5670897|61|2817098
EOSMAIN|5176497|62|2817099
EOSMAIN|5704037|63|2817100
EOSMAIN|5222198|64|2817101
EOSMAIN|5222949|65|2817102
EOSMAIN|5157948|66|2817103
EOSMAIN|5670645|67|2817104
EOSMAIN|22666161|68|2817105
EOSMAIN|22665339|69|2817106
EOSMAIN|22519675|70|2817107
EOSMAIN|22234290|71|2817108
EOSMAIN|19184232|72|2817109
EOSMAIN|6201111|73|2817110
EOSMAIN|5738884|74|2817111
EOSMAIN|5352245|75|2817112
EOSMAIN|5284424|76|2817113
EOSMAIN|5216921|77|2817114
EOSMAIN|5194711|78|2817115
EOSMAIN|5176139|79|2817116
EOSMAIN|5403786|80|2817117
EOSMAIN|5797325|81|2817118
EOSMAIN|5222768|82|2817119
EOSMAIN|6482252|83|2817120
EOSMAIN|6158910|84|2817121
EOSMAIN|22727453|85|2817122
EOSMAIN|22568647|86|2817123
EOSMAIN|22516405|87|2817124
EOSMAIN|22511584|88|2817125
EOSMAIN|17344000|89|2817126
EOSMAIN|6201069|90|2817127
EOSMAIN|6041527|91|2817128
EOSMAIN|5825010|92|2817129
EOSMAIN|5466275|93|2817130
EOSMAIN|5369898|94|2817131
EOSMAIN|5341397|95|2817132
EOSMAIN|5216989|96|2817133
EOSMAIN|5576611|97|2817134
EOSMAIN|5176197|98|2817135
EOSMAIN|5967931|99|2817136
EOSMAIN|5222178|100|2817137
