EOSMAIN|20697900|1501|2685496
EOSMAIN|20697601|1502|2685497
EOSMAIN|20687790|1503|2685498
EOSMAIN|20673243|1504|2685499
EOSMAIN|20673089|1505|2685500
EOSMAIN|20672944|1506|2685501
EOSMAIN|20671157|1507|2685502
EOSMAIN|19302836|1508|2685503
EOSMAIN|19302760|1509|2685504
EOSMAIN|19302685|1510|2685505
EOSMAIN|19302238|1511|2685506
EOSMAIN|19288327|1512|2685507
EOSMAIN|19230863|1513|2685508
EOSMAIN|19102486|1514|2685509
EOSMAIN|19098695|1515|2685510
EOSMAIN|17867300|1516|2685511
EOSMAIN|17867182|1517|2685512
EOSMAIN|17865716|1518|2685513
EOSMAIN|17865249|1519|2685514
EOSMAIN|17864454|1520|2685515
EOSMAIN|17864111|1521|2685516
EOSMAIN|17834490|1522|2685517
EOSMAIN|17833932|1523|2685518
EOSMAIN|17833361|1524|2685519
EOSMAIN|17829763|1525|2685520
EOSMAIN|17829543|1526|2685521
EOSMAIN|17829295|1527|2685522
EOSMAIN|17828542|1528|2685523
EOSMAIN|17826698|1529|2685524
EOSMAIN|17826656|1530|2685525
EOSMAIN|17826212|1531|2685526
EOSMAIN|17823156|1532|2685527
EOSMAIN|17817391|1533|2685528
EOSMAIN|17794787|1534|2685529
EOSMAIN|17763044|1535|2685530
EOSMAIN|17762268|1536|2685531
EOSMAIN|17746350|1537|2685532
EOSMAIN|17743619|1538|2685533
EOSMAIN|17742123|1539|2685534
EOSMAIN|17719523|1540|2685535
EOSMAIN|17719472|1541|2685536
EOSMAIN|17630898|1542|2685537
EOSMAIN|17553260|1543|2685538
EOSMAIN|17553161|1544|2685539
EOSMAIN|17553092|1545|2685540
EOSMAIN|17552929|1546|2685541
EOSMAIN|17552780|1547|2685542
EOSMAIN|17551522|1548|2685543
EOSMAIN|17551047|1549|2685544
EOSMAIN|17550875|1550|2685545
EOSMAIN|17548999|1551|2685546
EOSMAIN|17548929|1552|2685547
EOSMAIN|17548077|1553|2685548
EOSMAIN|17544831|1554|2685549
EOSMAIN|17544484|1555|2685550
EOSMAIN|17543880|1556|2685551
EOSMAIN|17543631|1557|2685552
EOSMAIN|17543518|1558|2685553
EOSMAIN|17543213|1559|2685554
EOSMAIN|17541429|1560|2685555
EOSMAIN|17523417|1561|2685556
EOSMAIN|14000698|1562|2685557
EOSMAIN|13951219|1563|2685558
EOSMAIN|13951146|1564|2685559
EOSMAIN|13950822|1565|2685560
EOSMAIN|12872969|1566|2685561
EOSMAIN|12872035|1567|2685562
EOSMAIN|12771967|1568|2685563
EOSMAIN|11684609|1569|2685564
EOSMAIN|11683850|1570|2685565
EOSMAIN|11681337|1571|2685566
EOSMAIN|9535782|1572|2685567
EOSMAIN|9511856|1573|2685568
EOSMAIN|9511290|1574|2685569
EOSMAIN|9509994|1575|2685570
EOSMAIN|9505840|1576|2685571
EOSMAIN|9504245|1577|2685572
EOSMAIN|9502995|1578|2685573
EOSMAIN|9476950|1579|2685574
EOSMAIN|6511856|1580|2685575
EOSMAIN|6508248|1581|2685576
EOSMAIN|6504426|1582|2685577
EOSMAIN|6489432|1583|2685578
EOSMAIN|6489352|1584|2685579
EOSMAIN|6489313|1585|2685580
EOSMAIN|6489242|1586|2685581
EOSMAIN|6488748|1587|2685582
EOSMAIN|6488526|1588|2685583
EOSMAIN|6483828|1589|2685584
EOSMAIN|6474703|1590|2685585
EOSMAIN|6474638|1591|2685586
EOSMAIN|6473992|1592|2685587
EOSMAIN|6473712|1593|2685588
EOSMAIN|6473627|1594|2685589
EOSMAIN|6473490|1595|2685590
EOSMAIN|6467506|1596|2685591
EOSMAIN|6467478|1597|2685592
EOSMAIN|6467454|1598|2685593
EOSMAIN|6463327|1599|2685594
EOSMAIN|6463102|1600|2685595
