EOSMAIN|5482575|2101|2686096
EOSMAIN|5481681|2102|2686097
EOSMAIN|5481558|2103|2686098
EOSMAIN|5481428|2104|2686099
EOSMAIN|5481103|2105|2686100
EOSMAIN|5481046|2106|2686101
EOSMAIN|5480542|2107|2686102
EOSMAIN|5474004|2108|2686103
EOSMAIN|5470855|2109|2686104
EOSMAIN|5470663|2110|2686105
EOSMAIN|5470549|2111|2686106
EOSMAIN|5470439|2112|2686107
EOSMAIN|5470186|2113|2686108
EOSMAIN|5464189|2114|2686109
EOSMAIN|5464047|2115|2686110
EOSMAIN|5458506|2116|2686111
EOSMAIN|5458251|2117|2686112
EOSMAIN|5457170|2118|2686113
EOSMAIN|5456938|2119|2686114
EOSMAIN|5456906|2120|2686115
EOSMAIN|5456352|2121|2686116
EOSMAIN|5456229|2122|2686117
EOSMAIN|5451491|2123|2686118
EOSMAIN|5451471|2124|2686119
EOSMAIN|5446084|2125|2686120
EOSMAIN|5435909|2126|2686121
EOSMAIN|5435142|2127|2686122
EOSMAIN|5430514|2128|2686123
EOSMAIN|5429587|2129|2686124
EOSMAIN|5428788|2130|2686125
EOSMAIN|5427007|2131|2686126
EOSMAIN|5426935|2132|2686127
EOSMAIN|5426891|2133|2686128
EOSMAIN|5425904|2134|2686129
EOSMAIN|5423512|2135|2686130
EOSMAIN|5423493|2136|2686131
EOSMAIN|5415575|2137|2686132
EOSMAIN|5415174|2138|2686133
EOSMAIN|5415093|2139|2686134
EOSMAIN|5415060|2140|2686135
EOSMAIN|5414031|2141|2686136
EOSMAIN|5410134|2142|2686137
EOSMAIN|5409277|2143|2686138
EOSMAIN|5409198|2144|2686139
EOSMAIN|5409008|2145|2686140
EOSMAIN|5408982|2146|2686141
EOSMAIN|5408809|2147|2686142
EOSMAIN|5404071|2148|2686143
EOSMAIN|5403766|2149|2686144
EOSMAIN|5402320|2150|2686145
EOSMAIN|5401238|2151|2686146
EOSMAIN|5400956|2152|2686147
EOSMAIN|5397234|2153|2686148
EOSMAIN|5397107|2154|2686149
EOSMAIN|5396801|2155|2686150
EOSMAIN|5396653|2156|2686151
EOSMAIN|5396631|2157|2686152
EOSMAIN|5396484|2158|2686153
EOSMAIN|5394878|2159|2686154
EOSMAIN|5394775|2160|2686155
EOSMAIN|5389640|2161|2686156
EOSMAIN|5388695|2162|2686157
EOSMAIN|5385805|2163|2686158
EOSMAIN|5385700|2164|2686159
EOSMAIN|5383716|2165|2686160
EOSMAIN|5382872|2166|2686161
EOSMAIN|5382758|2167|2686162
EOSMAIN|5382607|2168|2686163
EOSMAIN|5381430|2169|2686164
EOSMAIN|5381271|2170|2686165
EOSMAIN|5378139|2171|2686166
EOSMAIN|5374115|2172|2686167
EOSMAIN|5373527|2173|2686168
EOSMAIN|5371183|2174|2686169
EOSMAIN|5365890|2175|2686170
EOSMAIN|5360396|2176|2686171
EOSMAIN|5360179|2177|2686172
EOSMAIN|5351527|2178|2686173
EOSMAIN|5349523|2179|2686174
EOSMAIN|5349433|2180|2686175
EOSMAIN|5349231|2181|2686176
EOSMAIN|5347908|2182|2686177
EOSMAIN|5346796|2183|2686178
EOSMAIN|5342655|2184|2686179
EOSMAIN|5340973|2185|2686180
EOSMAIN|5340311|2186|2686181
EOSMAIN|5335968|2187|2686182
EOSMAIN|5335781|2188|2686183
EOSMAIN|5335553|2189|2686184
EOSMAIN|5334939|2190|2686185
EOSMAIN|5333682|2191|2686186
EOSMAIN|5331191|2192|2686187
EOSMAIN|5327672|2193|2686188
EOSMAIN|5326956|2194|2686189
EOSMAIN|5316483|2195|2686190
EOSMAIN|5316345|2196|2686191
EOSMAIN|5316316|2197|2686192
EOSMAIN|5316155|2198|2686193
EOSMAIN|5316068|2199|2686194
EOSMAIN|5316039|2200|2686195
