EOSMAIN|5528378|4501|2688496
EOSMAIN|5528357|4502|2688497
EOSMAIN|5528336|4503|2688498
EOSMAIN|5528302|4504|2688499
EOSMAIN|5528281|4505|2688500
EOSMAIN|5528260|4506|2688501
EOSMAIN|5528205|4507|2688502
EOSMAIN|5527260|4508|2688503
EOSMAIN|5527164|4509|2688504
EOSMAIN|5526007|4510|2688505
EOSMAIN|5525977|4511|2688506
EOSMAIN|5525947|4512|2688507
EOSMAIN|5522414|4513|2688508
EOSMAIN|5522391|4514|2688509
EOSMAIN|5522362|4515|2688510
EOSMAIN|5522328|4516|2688511
EOSMAIN|5522268|4517|2688512
EOSMAIN|5522230|4518|2688513
EOSMAIN|5522196|4519|2688514
EOSMAIN|5522083|4520|2688515
EOSMAIN|5522045|4521|2688516
EOSMAIN|5517717|4522|2688517
EOSMAIN|5515750|4523|2688518
EOSMAIN|5515714|4524|2688519
EOSMAIN|5515617|4525|2688520
EOSMAIN|5515536|4526|2688521
EOSMAIN|5512576|4527|2688522
EOSMAIN|5511453|4528|2688523
EOSMAIN|5510635|4529|2688524
EOSMAIN|5510610|4530|2688525
EOSMAIN|5510581|4531|2688526
EOSMAIN|5510397|4532|2688527
EOSMAIN|5510377|4533|2688528
EOSMAIN|5509307|4534|2688529
EOSMAIN|5509286|4535|2688530
EOSMAIN|5509265|4536|2688531
EOSMAIN|5506669|4537|2688532
EOSMAIN|5505984|4538|2688533
EOSMAIN|5505503|4539|2688534
EOSMAIN|5505473|4540|2688535
EOSMAIN|5505428|4541|2688536
EOSMAIN|5503874|4542|2688537
EOSMAIN|5503853|4543|2688538
EOSMAIN|5503791|4544|2688539
EOSMAIN|5503764|4545|2688540
EOSMAIN|5503677|4546|2688541
EOSMAIN|5503654|4547|2688542
EOSMAIN|5503600|4548|2688543
EOSMAIN|5502595|4549|2688544
EOSMAIN|5493937|4550|2688545
EOSMAIN|5493622|4551|2688546
EOSMAIN|5493248|4552|2688547
EOSMAIN|5493027|4553|2688548
EOSMAIN|5492993|4554|2688549
EOSMAIN|5486879|4555|2688550
EOSMAIN|5483950|4556|2688551
EOSMAIN|5483904|4557|2688552
EOSMAIN|5483821|4558|2688553
EOSMAIN|5483786|4559|2688554
EOSMAIN|5483764|4560|2688555
EOSMAIN|5483716|4561|2688556
EOSMAIN|5483655|4562|2688557
EOSMAIN|5483585|4563|2688558
EOSMAIN|5483557|4564|2688559
EOSMAIN|5483529|4565|2688560
EOSMAIN|5483492|4566|2688561
EOSMAIN|5483472|4567|2688562
EOSMAIN|5483111|4568|2688563
EOSMAIN|5482954|4569|2688564
EOSMAIN|5482902|4570|2688565
EOSMAIN|5482855|4571|2688566
EOSMAIN|5482810|4572|2688567
EOSMAIN|5482776|4573|2688568
EOSMAIN|5482744|4574|2688569
EOSMAIN|5482686|4575|2688570
EOSMAIN|5482654|4576|2688571
EOSMAIN|5482622|4577|2688572
EOSMAIN|5481598|4578|2688573
EOSMAIN|5481576|4579|2688574
EOSMAIN|5481536|4580|2688575
EOSMAIN|5481507|4581|2688576
EOSMAIN|5481487|4582|2688577
EOSMAIN|5481401|4583|2688578
EOSMAIN|5481370|4584|2688579
EOSMAIN|5481307|4585|2688580
EOSMAIN|5481191|4586|2688581
EOSMAIN|5481171|4587|2688582
EOSMAIN|5481149|4588|2688583
EOSMAIN|5480976|4589|2688584
EOSMAIN|5480911|4590|2688585
EOSMAIN|5480861|4591|2688586
EOSMAIN|5480841|4592|2688587
EOSMAIN|5480818|4593|2688588
EOSMAIN|5480796|4594|2688589
EOSMAIN|5480776|4595|2688590
EOSMAIN|5480643|4596|2688591
EOSMAIN|5480623|4597|2688592
EOSMAIN|5480498|4598|2688593
EOSMAIN|5480454|4599|2688594
EOSMAIN|5480417|4600|2688595
