EOSMAIN|5935961|301|2682819
EOSMAIN|5926715|302|2682820
EOSMAIN|5854597|303|2682821
EOSMAIN|5765554|304|2682822
EOSMAIN|5764343|305|2682823
EOSMAIN|5734894|306|2682824
EOSMAIN|5716585|307|2682825
EOSMAIN|5704766|308|2682826
EOSMAIN|5688206|309|2682827
EOSMAIN|5673510|310|2682828
EOSMAIN|5673492|311|2682829
EOSMAIN|5660185|312|2682830
EOSMAIN|5655361|313|2682831
EOSMAIN|5647587|314|2682832
EOSMAIN|5638727|315|2682833
EOSMAIN|5630395|316|2682834
EOSMAIN|5627248|317|2682835
EOSMAIN|5607130|318|2682836
EOSMAIN|5595047|319|2682837
EOSMAIN|5592882|320|2682838
EOSMAIN|5591276|321|2682839
EOSMAIN|5581735|322|2682840
EOSMAIN|5578822|323|2682841
EOSMAIN|5450369|324|2682842
EOSMAIN|5425526|325|2682843
EOSMAIN|5413884|326|2682844
EOSMAIN|5346707|327|2682845
EOSMAIN|5193510|328|2682846
EOSMAIN|5191880|329|2682847
EOSMAIN|5176283|330|2682848
EOSMAIN|5133648|331|2682849
EOSMAIN|5063373|332|2682850
EOSMAIN|5335906|333|2682851
EOSMAIN|6061041|334|2682852
EOSMAIN|6067566|335|2682853
EOSMAIN|5677509|336|2682854
EOSMAIN|6048342|337|2682855
EOSMAIN|5978404|338|2682856
EOSMAIN|5670304|339|2682857
EOSMAIN|5750065|340|2682858
EOSMAIN|5497548|341|2682859
EOSMAIN|5498606|342|2682860
EOSMAIN|5533427|343|2682861
EOSMAIN|6018696|344|2682862
EOSMAIN|5826662|345|2682863
EOSMAIN|6218141|346|2682864
EOSMAIN|5677305|347|2682865
EOSMAIN|5496394|348|2682866
EOSMAIN|22754532|349|2682867
EOSMAIN|22750561|350|2682868
EOSMAIN|5425951|351|2682869
EOSMAIN|5157555|352|2682870
EOSMAIN|22709768|353|2682871
EOSMAIN|22709672|354|2682872
EOSMAIN|22636479|355|2682873
EOSMAIN|22635611|356|2682874
EOSMAIN|22601801|357|2682875
EOSMAIN|22588225|358|2682876
EOSMAIN|22567371|359|2682877
EOSMAIN|22541470|360|2682878
EOSMAIN|22461044|361|2682879
EOSMAIN|22406049|362|2682880
EOSMAIN|22405351|363|2682881
EOSMAIN|22404926|364|2682882
EOSMAIN|22401391|365|2682883
EOSMAIN|22371668|366|2682884
EOSMAIN|22216381|367|2682885
EOSMAIN|22165232|368|2682886
EOSMAIN|20815041|369|2682887
EOSMAIN|20697728|370|2682888
EOSMAIN|19106234|371|2682889
EOSMAIN|17864249|372|2682890
EOSMAIN|17762228|373|2682891
EOSMAIN|17760009|374|2682892
EOSMAIN|17542895|375|2682893
EOSMAIN|17538497|376|2682894
EOSMAIN|17524161|377|2682895
EOSMAIN|17364138|378|2682896
EOSMAIN|15100580|379|2682897
EOSMAIN|13951349|380|2682898
EOSMAIN|9535690|381|2682899
EOSMAIN|9435204|382|2682900
EOSMAIN|8334824|383|2682901
EOSMAIN|8334789|384|2682902
EOSMAIN|6488545|385|2682903
EOSMAIN|6289395|386|2682904
EOSMAIN|6185285|387|2682905
EOSMAIN|6185184|388|2682906
EOSMAIN|6182468|389|2682907
EOSMAIN|6178982|390|2682908
EOSMAIN|6178675|391|2682909
EOSMAIN|6103994|392|2682910
EOSMAIN|6060959|393|2682911
EOSMAIN|6052215|394|2682912
EOSMAIN|6050833|395|2682913
EOSMAIN|6050736|396|2682914
EOSMAIN|6045506|397|2682915
EOSMAIN|6044067|398|2682916
EOSMAIN|6019066|399|2682917
EOSMAIN|6018715|400|2682918
