EOSMAIN|5450553|4701|2688696
EOSMAIN|5449472|4702|2688697
EOSMAIN|5448817|4703|2688698
EOSMAIN|5446863|4704|2688699
EOSMAIN|5446148|4705|2688700
EOSMAIN|5446130|4706|2688701
EOSMAIN|5446064|4707|2688702
EOSMAIN|5446044|4708|2688703
EOSMAIN|5446024|4709|2688704
EOSMAIN|5446002|4710|2688705
EOSMAIN|5445980|4711|2688706
EOSMAIN|5445949|4712|2688707
EOSMAIN|5445927|4713|2688708
EOSMAIN|5445905|4714|2688709
EOSMAIN|5445870|4715|2688710
EOSMAIN|5445848|4716|2688711
EOSMAIN|5445804|4717|2688712
EOSMAIN|5445786|4718|2688713
EOSMAIN|5442497|4719|2688714
EOSMAIN|5442479|4720|2688715
EOSMAIN|5441492|4721|2688716
EOSMAIN|5441470|4722|2688717
EOSMAIN|5441448|4723|2688718
EOSMAIN|5441415|4724|2688719
EOSMAIN|5441393|4725|2688720
EOSMAIN|5441345|4726|2688721
EOSMAIN|5441310|4727|2688722
EOSMAIN|5441286|4728|2688723
EOSMAIN|5441258|4729|2688724
EOSMAIN|5441225|4730|2688725
EOSMAIN|5441203|4731|2688726
EOSMAIN|5441166|4732|2688727
EOSMAIN|5441146|4733|2688728
EOSMAIN|5441126|4734|2688729
EOSMAIN|5440963|4735|2688730
EOSMAIN|5440941|4736|2688731
EOSMAIN|5435201|4737|2688732
EOSMAIN|5435092|4738|2688733
EOSMAIN|5435059|4739|2688734
EOSMAIN|5435022|4740|2688735
EOSMAIN|5434189|4741|2688736
EOSMAIN|5432686|4742|2688737
EOSMAIN|5432669|4743|2688738
EOSMAIN|5432651|4744|2688739
EOSMAIN|5432347|4745|2688740
EOSMAIN|5432227|4746|2688741
EOSMAIN|5432198|4747|2688742
EOSMAIN|5430619|4748|2688743
EOSMAIN|5430597|4749|2688744
EOSMAIN|5430481|4750|2688745
EOSMAIN|5430420|4751|2688746
EOSMAIN|5430387|4752|2688747
EOSMAIN|5430341|4753|2688748
EOSMAIN|5430304|4754|2688749
EOSMAIN|5430286|4755|2688750
EOSMAIN|5427265|4756|2688751
EOSMAIN|5427229|4757|2688752
EOSMAIN|5426981|4758|2688753
EOSMAIN|5426957|4759|2688754
EOSMAIN|5426841|4760|2688755
EOSMAIN|5426806|4761|2688756
EOSMAIN|5426775|4762|2688757
EOSMAIN|5425542|4763|2688758
EOSMAIN|5425302|4764|2688759
EOSMAIN|5425122|4765|2688760
EOSMAIN|5425053|4766|2688761
EOSMAIN|5425018|4767|2688762
EOSMAIN|5424970|4768|2688763
EOSMAIN|5424948|4769|2688764
EOSMAIN|5424926|4770|2688765
EOSMAIN|5424893|4771|2688766
EOSMAIN|5423474|4772|2688767
EOSMAIN|5423444|4773|2688768
EOSMAIN|5422410|4774|2688769
EOSMAIN|5422377|4775|2688770
EOSMAIN|5422344|4776|2688771
EOSMAIN|5422322|4777|2688772
EOSMAIN|5422300|4778|2688773
EOSMAIN|5422252|4779|2688774
EOSMAIN|5422219|4780|2688775
EOSMAIN|5422191|4781|2688776
EOSMAIN|5422108|4782|2688777
EOSMAIN|5422075|4783|2688778
EOSMAIN|5422005|4784|2688779
EOSMAIN|5421950|4785|2688780
EOSMAIN|5421928|4786|2688781
EOSMAIN|5421906|4787|2688782
EOSMAIN|5421874|4788|2688783
EOSMAIN|5421853|4789|2688784
EOSMAIN|5418872|4790|2688785
EOSMAIN|5416398|4791|2688786
EOSMAIN|5416369|4792|2688787
EOSMAIN|5416342|4793|2688788
EOSMAIN|5415307|4794|2688789
EOSMAIN|5415281|4795|2688790
EOSMAIN|5415261|4796|2688791
EOSMAIN|5415224|4797|2688792
EOSMAIN|5415196|4798|2688793
EOSMAIN|5415137|4799|2688794
EOSMAIN|5415113|4800|2688795
