EOSMAIN|22660408|2501|2686496
EOSMAIN|22660311|2502|2686497
EOSMAIN|22659322|2503|2686498
EOSMAIN|22659264|2504|2686499
EOSMAIN|22659230|2505|2686500
EOSMAIN|22659141|2506|2686501
EOSMAIN|22659022|2507|2686502
EOSMAIN|22657216|2508|2686503
EOSMAIN|22657151|2509|2686504
EOSMAIN|22657066|2510|2686505
EOSMAIN|22656969|2511|2686506
EOSMAIN|22652050|2512|2686507
EOSMAIN|22638847|2513|2686508
EOSMAIN|22638789|2514|2686509
EOSMAIN|22638596|2515|2686510
EOSMAIN|22638507|2516|2686511
EOSMAIN|22636507|2517|2686512
EOSMAIN|22636227|2518|2686513
EOSMAIN|22635987|2519|2686514
EOSMAIN|22635714|2520|2686515
EOSMAIN|22635637|2521|2686516
EOSMAIN|22635394|2522|2686517
EOSMAIN|22603509|2523|2686518
EOSMAIN|22602171|2524|2686519
EOSMAIN|22602113|2525|2686520
EOSMAIN|22594634|2526|2686521
EOSMAIN|22588314|2527|2686522
EOSMAIN|22583529|2528|2686523
EOSMAIN|22567625|2529|2686524
EOSMAIN|22567478|2530|2686525
EOSMAIN|22562780|2531|2686526
EOSMAIN|22545095|2532|2686527
EOSMAIN|22544997|2533|2686528
EOSMAIN|22544859|2534|2686529
EOSMAIN|22544688|2535|2686530
EOSMAIN|22542415|2536|2686531
EOSMAIN|22541496|2537|2686532
EOSMAIN|22541450|2538|2686533
EOSMAIN|22541408|2539|2686534
EOSMAIN|22541382|2540|2686535
EOSMAIN|22541357|2541|2686536
EOSMAIN|22541332|2542|2686537
EOSMAIN|22541252|2543|2686538
EOSMAIN|22541212|2544|2686539
EOSMAIN|22541200|2545|2686540
EOSMAIN|22541186|2546|2686541
EOSMAIN|22541120|2547|2686542
EOSMAIN|22541084|2548|2686543
EOSMAIN|22541048|2549|2686544
EOSMAIN|22540552|2550|2686545
EOSMAIN|22540301|2551|2686546
EOSMAIN|22540289|2552|2686547
EOSMAIN|22540182|2553|2686548
EOSMAIN|22540134|2554|2686549
EOSMAIN|22538716|2555|2686550
EOSMAIN|22532102|2556|2686551
EOSMAIN|22518833|2557|2686552
EOSMAIN|22499472|2558|2686553
EOSMAIN|22498218|2559|2686554
EOSMAIN|22498185|2560|2686555
EOSMAIN|22498087|2561|2686556
EOSMAIN|22497937|2562|2686557
EOSMAIN|22497832|2563|2686558
EOSMAIN|22497767|2564|2686559
EOSMAIN|22497465|2565|2686560
EOSMAIN|22497450|2566|2686561
EOSMAIN|22497435|2567|2686562
EOSMAIN|22497408|2568|2686563
EOSMAIN|22497205|2569|2686564
EOSMAIN|22463115|2570|2686565
EOSMAIN|22459505|2571|2686566
EOSMAIN|22448077|2572|2686567
EOSMAIN|22448039|2573|2686568
EOSMAIN|22440517|2574|2686569
EOSMAIN|22439155|2575|2686570
EOSMAIN|22438438|2576|2686571
EOSMAIN|22438320|2577|2686572
EOSMAIN|22406861|2578|2686573
EOSMAIN|22406759|2579|2686574
EOSMAIN|22406667|2580|2686575
EOSMAIN|22406636|2581|2686576
EOSMAIN|22406385|2582|2686577
EOSMAIN|22406158|2583|2686578
EOSMAIN|22400521|2584|2686579
EOSMAIN|22398445|2585|2686580
EOSMAIN|22398215|2586|2686581
EOSMAIN|22398087|2587|2686582
EOSMAIN|22397700|2588|2686583
EOSMAIN|22390093|2589|2686584
EOSMAIN|22371902|2590|2686585
EOSMAIN|22371844|2591|2686586
EOSMAIN|22371758|2592|2686587
EOSMAIN|22371647|2593|2686588
EOSMAIN|22371616|2594|2686589
EOSMAIN|22371202|2595|2686590
EOSMAIN|22371051|2596|2686591
EOSMAIN|22370971|2597|2686592
EOSMAIN|22370900|2598|2686593
EOSMAIN|22370003|2599|2686594
EOSMAIN|22368772|2600|2686595
