EOSMAIN|5630698|4201|2688196
EOSMAIN|5630677|4202|2688197
EOSMAIN|5630643|4203|2688198
EOSMAIN|5630620|4204|2688199
EOSMAIN|5630573|4205|2688200
EOSMAIN|5626470|4206|2688201
EOSMAIN|5623700|4207|2688202
EOSMAIN|5623666|4208|2688203
EOSMAIN|5623584|4209|2688204
EOSMAIN|5621242|4210|2688205
EOSMAIN|5621218|4211|2688206
EOSMAIN|5621140|4212|2688207
EOSMAIN|5621072|4213|2688208
EOSMAIN|5621051|4214|2688209
EOSMAIN|5621030|4215|2688210
EOSMAIN|5618825|4216|2688211
EOSMAIN|5617898|4217|2688212
EOSMAIN|5617735|4218|2688213
EOSMAIN|5616842|4219|2688214
EOSMAIN|5614318|4220|2688215
EOSMAIN|5614297|4221|2688216
EOSMAIN|5614263|4222|2688217
EOSMAIN|5614240|4223|2688218
EOSMAIN|5614219|4224|2688219
EOSMAIN|5614198|4225|2688220
EOSMAIN|5614108|4226|2688221
EOSMAIN|5614061|4227|2688222
EOSMAIN|5614025|4228|2688223
EOSMAIN|5614002|4229|2688224
EOSMAIN|5613979|4230|2688225
EOSMAIN|5613952|4231|2688226
EOSMAIN|5613931|4232|2688227
EOSMAIN|5612664|4233|2688228
EOSMAIN|5609886|4234|2688229
EOSMAIN|5605513|4235|2688230
EOSMAIN|5604537|4236|2688231
EOSMAIN|5604516|4237|2688232
EOSMAIN|5604057|4238|2688233
EOSMAIN|5604028|4239|2688234
EOSMAIN|5604007|4240|2688235
EOSMAIN|5603960|4241|2688236
EOSMAIN|5603907|4242|2688237
EOSMAIN|5603871|4243|2688238
EOSMAIN|5603775|4244|2688239
EOSMAIN|5602513|4245|2688240
EOSMAIN|5599332|4246|2688241
EOSMAIN|5599253|4247|2688242
EOSMAIN|5599223|4248|2688243
EOSMAIN|5599193|4249|2688244
EOSMAIN|5599163|4250|2688245
EOSMAIN|5599133|4251|2688246
EOSMAIN|5599114|4252|2688247
EOSMAIN|5599086|4253|2688248
EOSMAIN|5599056|4254|2688249
EOSMAIN|5598188|4255|2688250
EOSMAIN|5598129|4256|2688251
EOSMAIN|5598106|4257|2688252
EOSMAIN|5598083|4258|2688253
EOSMAIN|5598041|4259|2688254
EOSMAIN|5597969|4260|2688255
EOSMAIN|5597946|4261|2688256
EOSMAIN|5597910|4262|2688257
EOSMAIN|5597840|4263|2688258
EOSMAIN|5597817|4264|2688259
EOSMAIN|5597772|4265|2688260
EOSMAIN|5597727|4266|2688261
EOSMAIN|5597698|4267|2688262
EOSMAIN|5597676|4268|2688263
EOSMAIN|5597653|4269|2688264
EOSMAIN|5597617|4270|2688265
EOSMAIN|5597551|4271|2688266
EOSMAIN|5597498|4272|2688267
EOSMAIN|5597458|4273|2688268
EOSMAIN|5597409|4274|2688269
EOSMAIN|5597364|4275|2688270
EOSMAIN|5597300|4276|2688271
EOSMAIN|5597276|4277|2688272
EOSMAIN|5597220|4278|2688273
EOSMAIN|5597184|4279|2688274
EOSMAIN|5596668|4280|2688275
EOSMAIN|5592934|4281|2688276
EOSMAIN|5592845|4282|2688277
EOSMAIN|5592812|4283|2688278
EOSMAIN|5592792|4284|2688279
EOSMAIN|5592683|4285|2688280
EOSMAIN|5592652|4286|2688281
EOSMAIN|5592595|4287|2688282
EOSMAIN|5592124|4288|2688283
EOSMAIN|5591326|4289|2688284
EOSMAIN|5591296|4290|2688285
EOSMAIN|5591106|4291|2688286
EOSMAIN|5591070|4292|2688287
EOSMAIN|5591002|4293|2688288
EOSMAIN|5590981|4294|2688289
EOSMAIN|5590952|4295|2688290
EOSMAIN|5590927|4296|2688291
EOSMAIN|5590881|4297|2688292
EOSMAIN|5589814|4298|2688293
EOSMAIN|5589527|4299|2688294
EOSMAIN|5589166|4300|2688295
