EOSMAIN|6295045|1701|2685696
EOSMAIN|6294619|1702|2685697
EOSMAIN|6292822|1703|2685698
EOSMAIN|6292035|1704|2685699
EOSMAIN|6291965|1705|2685700
EOSMAIN|6291085|1706|2685701
EOSMAIN|6291063|1707|2685702
EOSMAIN|6290559|1708|2685703
EOSMAIN|6289901|1709|2685704
EOSMAIN|6289162|1710|2685705
EOSMAIN|6288753|1711|2685706
EOSMAIN|6288021|1712|2685707
EOSMAIN|6286341|1713|2685708
EOSMAIN|6286055|1714|2685709
EOSMAIN|6284794|1715|2685710
EOSMAIN|6284768|1716|2685711
EOSMAIN|6281242|1717|2685712
EOSMAIN|6271988|1718|2685713
EOSMAIN|6271791|1719|2685714
EOSMAIN|6271767|1720|2685715
EOSMAIN|6271716|1721|2685716
EOSMAIN|6271692|1722|2685717
EOSMAIN|6265377|1723|2685718
EOSMAIN|6265255|1724|2685719
EOSMAIN|6265177|1725|2685720
EOSMAIN|6265098|1726|2685721
EOSMAIN|6253110|1727|2685722
EOSMAIN|6249051|1728|2685723
EOSMAIN|6240391|1729|2685724
EOSMAIN|6233046|1730|2685725
EOSMAIN|6232964|1731|2685726
EOSMAIN|6232908|1732|2685727
EOSMAIN|6220262|1733|2685728
EOSMAIN|6218570|1734|2685729
EOSMAIN|6217739|1735|2685730
EOSMAIN|6217707|1736|2685731
EOSMAIN|6215238|1737|2685732
EOSMAIN|6215178|1738|2685733
EOSMAIN|6210823|1739|2685734
EOSMAIN|6210726|1740|2685735
EOSMAIN|6210469|1741|2685736
EOSMAIN|6206900|1742|2685737
EOSMAIN|6206816|1743|2685738
EOSMAIN|6201852|1744|2685739
EOSMAIN|6201775|1745|2685740
EOSMAIN|6201757|1746|2685741
EOSMAIN|6201737|1747|2685742
EOSMAIN|6198138|1748|2685743
EOSMAIN|6197882|1749|2685744
EOSMAIN|6193607|1750|2685745
EOSMAIN|6193562|1751|2685746
EOSMAIN|6193424|1752|2685747
EOSMAIN|6193323|1753|2685748
EOSMAIN|6189540|1754|2685749
EOSMAIN|6184716|1755|2685750
EOSMAIN|6182643|1756|2685751
EOSMAIN|6182594|1757|2685752
EOSMAIN|6182523|1758|2685753
EOSMAIN|6182501|1759|2685754
EOSMAIN|6182236|1760|2685755
EOSMAIN|6182151|1761|2685756
EOSMAIN|6182008|1762|2685757
EOSMAIN|6181885|1763|2685758
EOSMAIN|6181818|1764|2685759
EOSMAIN|6181454|1765|2685760
EOSMAIN|6181421|1766|2685761
EOSMAIN|6181342|1767|2685762
EOSMAIN|6181054|1768|2685763
EOSMAIN|6181034|1769|2685764
EOSMAIN|6180979|1770|2685765
EOSMAIN|6180199|1771|2685766
EOSMAIN|6180089|1772|2685767
EOSMAIN|6180057|1773|2685768
EOSMAIN|6179987|1774|2685769
EOSMAIN|6179927|1775|2685770
EOSMAIN|6179752|1776|2685771
EOSMAIN|6179709|1777|2685772
EOSMAIN|6179541|1778|2685773
EOSMAIN|6179520|1779|2685774
EOSMAIN|6179421|1780|2685775
EOSMAIN|6179368|1781|2685776
EOSMAIN|6179288|1782|2685777
EOSMAIN|6179116|1783|2685778
EOSMAIN|6178892|1784|2685779
EOSMAIN|6178566|1785|2685780
EOSMAIN|6178534|1786|2685781
EOSMAIN|6178481|1787|2685782
EOSMAIN|6178308|1788|2685783
EOSMAIN|6178116|1789|2685784
EOSMAIN|6178082|1790|2685785
EOSMAIN|6161441|1791|2685786
EOSMAIN|6161082|1792|2685787
EOSMAIN|6160676|1793|2685788
EOSMAIN|6160593|1794|2685789
EOSMAIN|6156944|1795|2685790
EOSMAIN|6140769|1796|2685791
EOSMAIN|6138435|1797|2685792
EOSMAIN|6137158|1798|2685793
EOSMAIN|6137129|1799|2685794
EOSMAIN|6136527|1800|2685795
