EOSMAIN|5663950|4101|2688096
EOSMAIN|5663866|4102|2688097
EOSMAIN|5662230|4103|2688098
EOSMAIN|5661607|4104|2688099
EOSMAIN|5661572|4105|2688100
EOSMAIN|5661526|4106|2688101
EOSMAIN|5660926|4107|2688102
EOSMAIN|5660905|4108|2688103
EOSMAIN|5660884|4109|2688104
EOSMAIN|5660863|4110|2688105
EOSMAIN|5660829|4111|2688106
EOSMAIN|5660782|4112|2688107
EOSMAIN|5660737|4113|2688108
EOSMAIN|5660583|4114|2688109
EOSMAIN|5660560|4115|2688110
EOSMAIN|5660511|4116|2688111
EOSMAIN|5660490|4117|2688112
EOSMAIN|5660405|4118|2688113
EOSMAIN|5660115|4119|2688114
EOSMAIN|5659941|4120|2688115
EOSMAIN|5659915|4121|2688116
EOSMAIN|5657824|4122|2688117
EOSMAIN|5657794|4123|2688118
EOSMAIN|5657248|4124|2688119
EOSMAIN|5657191|4125|2688120
EOSMAIN|5657131|4126|2688121
EOSMAIN|5657089|4127|2688122
EOSMAIN|5657053|4128|2688123
EOSMAIN|5656982|4129|2688124
EOSMAIN|5656959|4130|2688125
EOSMAIN|5656934|4131|2688126
EOSMAIN|5656911|4132|2688127
EOSMAIN|5656877|4133|2688128
EOSMAIN|5651286|4134|2688129
EOSMAIN|5651062|4135|2688130
EOSMAIN|5651039|4136|2688131
EOSMAIN|5651017|4137|2688132
EOSMAIN|5650971|4138|2688133
EOSMAIN|5650948|4139|2688134
EOSMAIN|5650825|4140|2688135
EOSMAIN|5650788|4141|2688136
EOSMAIN|5650701|4142|2688137
EOSMAIN|5650679|4143|2688138
EOSMAIN|5650642|4144|2688139
EOSMAIN|5647714|4145|2688140
EOSMAIN|5647691|4146|2688141
EOSMAIN|5647657|4147|2688142
EOSMAIN|5647621|4148|2688143
EOSMAIN|5647566|4149|2688144
EOSMAIN|5647543|4150|2688145
EOSMAIN|5647436|4151|2688146
EOSMAIN|5647403|4152|2688147
EOSMAIN|5644390|4153|2688148
EOSMAIN|5642392|4154|2688149
EOSMAIN|5640992|4155|2688150
EOSMAIN|5640943|4156|2688151
EOSMAIN|5640922|4157|2688152
EOSMAIN|5640901|4158|2688153
EOSMAIN|5640851|4159|2688154
EOSMAIN|5640794|4160|2688155
EOSMAIN|5640771|4161|2688156
EOSMAIN|5640748|4162|2688157
EOSMAIN|5640725|4163|2688158
EOSMAIN|5640700|4164|2688159
EOSMAIN|5640625|4165|2688160
EOSMAIN|5640440|4166|2688161
EOSMAIN|5640417|4167|2688162
EOSMAIN|5637560|4168|2688163
EOSMAIN|5635743|4169|2688164
EOSMAIN|5634342|4170|2688165
EOSMAIN|5633520|4171|2688166
EOSMAIN|5633495|4172|2688167
EOSMAIN|5633461|4173|2688168
EOSMAIN|5633438|4174|2688169
EOSMAIN|5633405|4175|2688170
EOSMAIN|5633335|4176|2688171
EOSMAIN|5633314|4177|2688172
EOSMAIN|5633276|4178|2688173
EOSMAIN|5633184|4179|2688174
EOSMAIN|5633150|4180|2688175
EOSMAIN|5632560|4181|2688176
EOSMAIN|5632530|4182|2688177
EOSMAIN|5632184|4183|2688178
EOSMAIN|5632150|4184|2688179
EOSMAIN|5632113|4185|2688180
EOSMAIN|5632075|4186|2688181
EOSMAIN|5632052|4187|2688182
EOSMAIN|5632029|4188|2688183
EOSMAIN|5631941|4189|2688184
EOSMAIN|5631905|4190|2688185
EOSMAIN|5631882|4191|2688186
EOSMAIN|5631119|4192|2688187
EOSMAIN|5631089|4193|2688188
EOSMAIN|5631069|4194|2688189
EOSMAIN|5631003|4195|2688190
EOSMAIN|5630885|4196|2688191
EOSMAIN|5630849|4197|2688192
EOSMAIN|5630817|4198|2688193
EOSMAIN|5630782|4199|2688194
EOSMAIN|5630761|4200|2688195
