EOSMAIN|5558957|4401|2688396
EOSMAIN|5558923|4402|2688397
EOSMAIN|5558896|4403|2688398
EOSMAIN|5558871|4404|2688399
EOSMAIN|5558850|4405|2688400
EOSMAIN|5558812|4406|2688401
EOSMAIN|5558778|4407|2688402
EOSMAIN|5558757|4408|2688403
EOSMAIN|5558734|4409|2688404
EOSMAIN|5558709|4410|2688405
EOSMAIN|5557649|4411|2688406
EOSMAIN|5557613|4412|2688407
EOSMAIN|5557498|4413|2688408
EOSMAIN|5557475|4414|2688409
EOSMAIN|5557428|4415|2688410
EOSMAIN|5557003|4416|2688411
EOSMAIN|5556943|4417|2688412
EOSMAIN|5556913|4418|2688413
EOSMAIN|5556754|4419|2688414
EOSMAIN|5553431|4420|2688415
EOSMAIN|5553395|4421|2688416
EOSMAIN|5553350|4422|2688417
EOSMAIN|5553277|4423|2688418
EOSMAIN|5553250|4424|2688419
EOSMAIN|5553219|4425|2688420
EOSMAIN|5553148|4426|2688421
EOSMAIN|5553125|4427|2688422
EOSMAIN|5553068|4428|2688423
EOSMAIN|5553043|4429|2688424
EOSMAIN|5552999|4430|2688425
EOSMAIN|5551758|4431|2688426
EOSMAIN|5551734|4432|2688427
EOSMAIN|5551678|4433|2688428
EOSMAIN|5551630|4434|2688429
EOSMAIN|5551567|4435|2688430
EOSMAIN|5551547|4436|2688431
EOSMAIN|5551507|4437|2688432
EOSMAIN|5551476|4438|2688433
EOSMAIN|5551357|4439|2688434
EOSMAIN|5551197|4440|2688435
EOSMAIN|5551112|4441|2688436
EOSMAIN|5551092|4442|2688437
EOSMAIN|5550844|4443|2688438
EOSMAIN|5550802|4444|2688439
EOSMAIN|5550785|4445|2688440
EOSMAIN|5546155|4446|2688441
EOSMAIN|5545195|4447|2688442
EOSMAIN|5543590|4448|2688443
EOSMAIN|5542477|4449|2688444
EOSMAIN|5542416|4450|2688445
EOSMAIN|5542382|4451|2688446
EOSMAIN|5542348|4452|2688447
EOSMAIN|5542303|4453|2688448
EOSMAIN|5542282|4454|2688449
EOSMAIN|5542261|4455|2688450
EOSMAIN|5542240|4456|2688451
EOSMAIN|5542202|4457|2688452
EOSMAIN|5542166|4458|2688453
EOSMAIN|5542118|4459|2688454
EOSMAIN|5539297|4460|2688455
EOSMAIN|5534309|4461|2688456
EOSMAIN|5534261|4462|2688457
EOSMAIN|5534229|4463|2688458
EOSMAIN|5532554|4464|2688459
EOSMAIN|5532532|4465|2688460
EOSMAIN|5532294|4466|2688461
EOSMAIN|5531818|4467|2688462
EOSMAIN|5531623|4468|2688463
EOSMAIN|5530517|4469|2688464
EOSMAIN|5530468|4470|2688465
EOSMAIN|5530438|4471|2688466
EOSMAIN|5530187|4472|2688467
EOSMAIN|5530142|4473|2688468
EOSMAIN|5530096|4474|2688469
EOSMAIN|5530062|4475|2688470
EOSMAIN|5530028|4476|2688471
EOSMAIN|5530003|4477|2688472
EOSMAIN|5529932|4478|2688473
EOSMAIN|5529909|4479|2688474
EOSMAIN|5529862|4480|2688475
EOSMAIN|5529837|4481|2688476
EOSMAIN|5529792|4482|2688477
EOSMAIN|5529746|4483|2688478
EOSMAIN|5528956|4484|2688479
EOSMAIN|5528892|4485|2688480
EOSMAIN|5528871|4486|2688481
EOSMAIN|5528846|4487|2688482
EOSMAIN|5528789|4488|2688483
EOSMAIN|5528753|4489|2688484
EOSMAIN|5528683|4490|2688485
EOSMAIN|5528660|4491|2688486
EOSMAIN|5528624|4492|2688487
EOSMAIN|5528550|4493|2688488
EOSMAIN|5528527|4494|2688489
EOSMAIN|5528504|4495|2688490
EOSMAIN|5528483|4496|2688491
EOSMAIN|5528464|4497|2688492
EOSMAIN|5528443|4498|2688493
EOSMAIN|5528422|4499|2688494
EOSMAIN|5528399|4500|2688495
