EOSMAIN|5058847|2401|2686396
EOSMAIN|5058568|2402|2686397
EOSMAIN|5058504|2403|2686398
EOSMAIN|5058475|2404|2686399
EOSMAIN|5058262|2405|2686400
EOSMAIN|5058085|2406|2686401
EOSMAIN|5058067|2407|2686402
EOSMAIN|5058006|2408|2686403
EOSMAIN|5057963|2409|2686404
EOSMAIN|5057944|2410|2686405
EOSMAIN|5057914|2411|2686406
EOSMAIN|5057114|2412|2686407
EOSMAIN|5056890|2413|2686408
EOSMAIN|5056337|2414|2686409
EOSMAIN|5056287|2415|2686410
EOSMAIN|5056038|2416|2686411
EOSMAIN|5055982|2417|2686412
EOSMAIN|5055952|2418|2686413
EOSMAIN|5055901|2419|2686414
EOSMAIN|5055627|2420|2686415
EOSMAIN|5055480|2421|2686416
EOSMAIN|5055463|2422|2686417
EOSMAIN|5055377|2423|2686418
EOSMAIN|5055087|2424|2686419
EOSMAIN|5054967|2425|2686420
EOSMAIN|5054949|2426|2686421
EOSMAIN|5054888|2427|2686422
EOSMAIN|5054328|2428|2686423
EOSMAIN|5054216|2429|2686424
EOSMAIN|5053593|2430|2686425
EOSMAIN|5053263|2431|2686426
EOSMAIN|5052766|2432|2686427
EOSMAIN|5052712|2433|2686428
EOSMAIN|5042979|2434|2686429
EOSMAIN|5040397|2435|2686430
EOSMAIN|5040334|2436|2686431
EOSMAIN|5040299|2437|2686432
EOSMAIN|5040257|2438|2686433
EOSMAIN|5040189|2439|2686434
EOSMAIN|5040131|2440|2686435
EOSMAIN|5040089|2441|2686436
EOSMAIN|5020962|2442|2686437
EOSMAIN|5020941|2443|2686438
EOSMAIN|5020823|2444|2686439
EOSMAIN|5020280|2445|2686440
EOSMAIN|5020100|2446|2686441
EOSMAIN|5019834|2447|2686442
EOSMAIN|5019706|2448|2686443
EOSMAIN|5019639|2449|2686444
EOSMAIN|5019350|2450|2686445
EOSMAIN|5019276|2451|2686446
EOSMAIN|5019232|2452|2686447
EOSMAIN|5286261|2453|2686448
EOSMAIN|5093656|2454|2686449
EOSMAIN|5087678|2455|2686450
EOSMAIN|5089891|2456|2686451
EOSMAIN|5089909|2457|2686452
EOSMAIN|5367885|2458|2686453
EOSMAIN|5377316|2459|2686454
EOSMAIN|5834694|2460|2686455
EOSMAIN|6098104|2461|2686456
EOSMAIN|6117951|2462|2686457
EOSMAIN|6117986|2463|2686458
EOSMAIN|6118257|2464|2686459
EOSMAIN|6118616|2465|2686460
EOSMAIN|6118684|2466|2686461
EOSMAIN|6221807|2467|2686462
EOSMAIN|6221842|2468|2686463
EOSMAIN|6227674|2469|2686464
EOSMAIN|6230086|2470|2686465
EOSMAIN|6230124|2471|2686466
EOSMAIN|6232120|2472|2686467
EOSMAIN|6241978|2473|2686468
EOSMAIN|6242546|2474|2686469
EOSMAIN|6262961|2475|2686470
EOSMAIN|6263070|2476|2686471
EOSMAIN|6263239|2477|2686472
EOSMAIN|6282155|2478|2686473
EOSMAIN|6284893|2479|2686474
EOSMAIN|5498548|2480|2686475
EOSMAIN|6287678|2481|2686476
EOSMAIN|6294442|2482|2686477
EOSMAIN|6300764|2483|2686478
EOSMAIN|6300814|2484|2686479
EOSMAIN|6357506|2485|2686480
EOSMAIN|6370651|2486|2686481
EOSMAIN|6405213|2487|2686482
EOSMAIN|22756135|2488|2686483
EOSMAIN|22747276|2489|2686484
EOSMAIN|22751368|2490|2686485
EOSMAIN|22736755|2491|2686486
EOSMAIN|22736372|2492|2686487
EOSMAIN|22732206|2493|2686488
EOSMAIN|22709558|2494|2686489
EOSMAIN|22709365|2495|2686490
EOSMAIN|22696501|2496|2686491
EOSMAIN|22687900|2497|2686492
EOSMAIN|22686151|2498|2686493
EOSMAIN|22683269|2499|2686494
EOSMAIN|22680875|2500|2686495
