EOSMAIN|6115997|701|2684696
EOSMAIN|6115654|702|2684697
EOSMAIN|6115557|703|2684698
EOSMAIN|6107872|704|2684699
EOSMAIN|6106986|705|2684700
EOSMAIN|6073097|706|2684701
EOSMAIN|6068287|707|2684702
EOSMAIN|6068037|708|2684703
EOSMAIN|6067734|709|2684704
EOSMAIN|6067318|710|2684705
EOSMAIN|6061103|711|2684706
EOSMAIN|6058282|712|2684707
EOSMAIN|6056549|713|2684708
EOSMAIN|6052184|714|2684709
EOSMAIN|6050260|715|2684710
EOSMAIN|6048545|716|2684711
EOSMAIN|6047991|717|2684712
EOSMAIN|6046086|718|2684713
EOSMAIN|6045601|719|2684714
EOSMAIN|6039134|720|2684715
EOSMAIN|6024265|721|2684716
EOSMAIN|6017114|722|2684717
EOSMAIN|6005151|723|2684718
EOSMAIN|6004896|724|2684719
EOSMAIN|6001070|725|2684720
EOSMAIN|5992624|726|2684721
EOSMAIN|5990112|727|2684722
EOSMAIN|5985965|728|2684723
EOSMAIN|5973602|729|2684724
EOSMAIN|5959724|730|2684725
EOSMAIN|5951168|731|2684726
EOSMAIN|5932222|732|2684727
EOSMAIN|5927532|733|2684728
EOSMAIN|5920786|734|2684729
EOSMAIN|5904080|735|2684730
EOSMAIN|5900137|736|2684731
EOSMAIN|5896603|737|2684732
EOSMAIN|5892900|738|2684733
EOSMAIN|5888028|739|2684734
EOSMAIN|5880690|740|2684735
EOSMAIN|5875088|741|2684736
EOSMAIN|5873114|742|2684737
EOSMAIN|5872688|743|2684738
EOSMAIN|5866067|744|2684739
EOSMAIN|5851451|745|2684740
EOSMAIN|5840395|746|2684741
EOSMAIN|5840291|747|2684742
EOSMAIN|5836062|748|2684743
EOSMAIN|5831536|749|2684744
EOSMAIN|5819226|750|2684745
EOSMAIN|5806015|751|2684746
EOSMAIN|5805545|752|2684747
EOSMAIN|5800127|753|2684748
EOSMAIN|5790496|754|2684749
EOSMAIN|5789766|755|2684750
EOSMAIN|5778894|756|2684751
EOSMAIN|5776226|757|2684752
EOSMAIN|5774144|758|2684753
EOSMAIN|5773589|759|2684754
EOSMAIN|5767662|760|2684755
EOSMAIN|5759012|761|2684756
EOSMAIN|5749877|762|2684757
EOSMAIN|5732097|763|2684758
EOSMAIN|5722259|764|2684759
EOSMAIN|5721241|765|2684760
EOSMAIN|5713959|766|2684761
EOSMAIN|5698178|767|2684762
EOSMAIN|5698162|768|2684763
EOSMAIN|5698146|769|2684764
EOSMAIN|5698131|770|2684765
EOSMAIN|5686961|771|2684766
EOSMAIN|5686912|772|2684767
EOSMAIN|5679803|773|2684768
EOSMAIN|5679555|774|2684769
EOSMAIN|5675301|775|2684770
EOSMAIN|5659893|776|2684771
EOSMAIN|5649179|777|2684772
EOSMAIN|5645370|778|2684773
EOSMAIN|5636606|779|2684774
EOSMAIN|5630983|780|2684775
EOSMAIN|5625708|781|2684776
EOSMAIN|5621780|782|2684777
EOSMAIN|5621174|783|2684778
EOSMAIN|5605413|784|2684779
EOSMAIN|5597080|785|2684780
EOSMAIN|5593665|786|2684781
EOSMAIN|5589111|787|2684782
EOSMAIN|5587550|788|2684783
EOSMAIN|5581631|789|2684784
EOSMAIN|5579269|790|2684785
EOSMAIN|5577671|791|2684786
EOSMAIN|5577567|792|2684787
EOSMAIN|5577479|793|2684788
EOSMAIN|5572718|794|2684789
EOSMAIN|5565757|795|2684790
EOSMAIN|5562282|796|2684791
EOSMAIN|5562093|797|2684792
EOSMAIN|5562074|798|2684793
EOSMAIN|5556898|799|2684794
EOSMAIN|5550438|800|2684795
