EOSMAIN|5378505|4901|2688934
EOSMAIN|5378446|4902|2688935
EOSMAIN|5378402|4903|2688936
EOSMAIN|5378319|4904|2688937
EOSMAIN|5378288|4905|2688938
EOSMAIN|5378253|4906|2688939
EOSMAIN|5378227|4907|2688940
EOSMAIN|5378183|4908|2688941
EOSMAIN|5378160|4909|2688942
EOSMAIN|5377404|4910|2688943
EOSMAIN|5375717|4911|2688944
EOSMAIN|5373999|4912|2688945
EOSMAIN|5373977|4913|2688946
EOSMAIN|5373957|4914|2688947
EOSMAIN|5373909|4915|2688948
EOSMAIN|5373876|4916|2688949
EOSMAIN|5373843|4917|2688950
EOSMAIN|5373797|4918|2688951
EOSMAIN|5373775|4919|2688952
EOSMAIN|5373687|4920|2688953
EOSMAIN|5373665|4921|2688954
EOSMAIN|5373632|4922|2688955
EOSMAIN|5373608|4923|2688956
EOSMAIN|5373573|4924|2688957
EOSMAIN|5373553|4925|2688958
EOSMAIN|5373477|4926|2688959
EOSMAIN|5373433|4927|2688960
EOSMAIN|5373413|4928|2688961
EOSMAIN|5373075|4929|2688962
EOSMAIN|5373042|4930|2688963
EOSMAIN|5372992|4931|2688964
EOSMAIN|5372972|4932|2688965
EOSMAIN|5372894|4933|2688966
EOSMAIN|5372422|4934|2688967
EOSMAIN|5371512|4935|2688968
EOSMAIN|5371440|4936|2688969
EOSMAIN|5371405|4937|2688970
EOSMAIN|5371385|4938|2688971
EOSMAIN|5371343|4939|2688972
EOSMAIN|5371323|4940|2688973
EOSMAIN|5371225|4941|2688974
EOSMAIN|5371159|4942|2688975
EOSMAIN|5371124|4943|2688976
EOSMAIN|5371018|4944|2688977
EOSMAIN|5368014|4945|2688978
EOSMAIN|5366967|4946|2688979
EOSMAIN|5360419|4947|2688980
EOSMAIN|5360338|4948|2688981
EOSMAIN|5360241|4949|2688982
EOSMAIN|5360157|4950|2688983
EOSMAIN|5359777|4951|2688984
EOSMAIN|5359743|4952|2688985
EOSMAIN|5358458|4953|2688986
EOSMAIN|5358435|4954|2688987
EOSMAIN|5353147|4955|2688988
EOSMAIN|5349800|4956|2688989
EOSMAIN|5349770|4957|2688990
EOSMAIN|5349737|4958|2688991
EOSMAIN|5349713|4959|2688992
EOSMAIN|5349693|4960|2688993
EOSMAIN|5349636|4961|2688994
EOSMAIN|5349614|4962|2688995
EOSMAIN|5054659|4963|2688999
EOSMAIN|5393927|4964|2689004
EOSMAIN|5413942|4965|2689005
EOSMAIN|5054758|4966|2689008
EOSMAIN|5448188|4967|2689015
EOSMAIN|5054726|4968|2689016
EOSMAIN|5437483|4969|2689020
EOSMAIN|22601644|4970|2689022
EOSMAIN|6191764|4971|2689024
EOSMAIN|5260655|4972|2689026
EOSMAIN|5978358|4973|2689027
EOSMAIN|5019405|4974|2689031
EOSMAIN|5765581|4975|2689032
EOSMAIN|5324262|4976|2689033
EOSMAIN|5310921|4977|2689034
EOSMAIN|5176124|4978|2689036
EOSMAIN|5093748|4979|2689039
EOSMAIN|22498348|4980|2689044
EOSMAIN|19233469|4981|2689048
EOSMAIN|12761327|4982|2689050
EOSMAIN|6096877|4983|2689051
EOSMAIN|5512684|4984|2689053
EOSMAIN|5191895|4985|2689054
EOSMAIN|6199959|4986|2689055
EOSMAIN|5054788|4987|2689057
EOSMAIN|5054693|4988|2689058
EOSMAIN|5380262|4989|2689060
EOSMAIN|17364449|4990|2689066
EOSMAIN|6199936|4991|2689070
EOSMAIN|6012803|4992|2689071
EOSMAIN|5878787|4993|2689073
EOSMAIN|19302997|4994|2689075
EOSMAIN|5193408|4995|2689076
EOSMAIN|5242156|4996|2689079
EOSMAIN|6293250|4997|2689080
EOSMAIN|5261388|4998|2689081
EOSMAIN|5313110|4999|2689082
EOSMAIN|6128471|5000|2689085
