EOSMAIN|5542778|801|2684796
EOSMAIN|5542757|802|2684797
EOSMAIN|5539282|803|2684798
EOSMAIN|5534184|804|2684799
EOSMAIN|5525929|805|2684800
EOSMAIN|5516096|806|2684801
EOSMAIN|5506688|807|2684802
EOSMAIN|5505458|808|2684803
EOSMAIN|5480693|809|2684804
EOSMAIN|5480214|810|2684805
EOSMAIN|5475975|811|2684806
EOSMAIN|5470753|812|2684807
EOSMAIN|5464025|813|2684808
EOSMAIN|5460975|814|2684809
EOSMAIN|5455981|815|2684810
EOSMAIN|5440119|816|2684811
EOSMAIN|5430553|817|2684812
EOSMAIN|5428807|818|2684813
EOSMAIN|5428424|819|2684814
EOSMAIN|5425728|820|2684815
EOSMAIN|5408962|821|2684816
EOSMAIN|5408482|822|2684817
EOSMAIN|5408466|823|2684818
EOSMAIN|5397077|824|2684819
EOSMAIN|5388618|825|2684820
EOSMAIN|5373744|826|2684821
EOSMAIN|5373343|827|2684822
EOSMAIN|5372442|828|2684823
EOSMAIN|5364682|829|2684824
EOSMAIN|5346727|830|2684825
EOSMAIN|5342688|831|2684826
EOSMAIN|5342361|832|2684827
EOSMAIN|5340908|833|2684828
EOSMAIN|5336026|834|2684829
EOSMAIN|5335187|835|2684830
EOSMAIN|5315764|836|2684831
EOSMAIN|5307898|837|2684832
EOSMAIN|5298031|838|2684833
EOSMAIN|5290374|839|2684834
EOSMAIN|5288467|840|2684835
EOSMAIN|5286324|841|2684836
EOSMAIN|5267748|842|2684837
EOSMAIN|5249063|843|2684838
EOSMAIN|5249019|844|2684839
EOSMAIN|5247560|845|2684840
EOSMAIN|5241855|846|2684841
EOSMAIN|5236467|847|2684842
EOSMAIN|5191739|848|2684843
EOSMAIN|5133907|849|2684844
EOSMAIN|5064642|850|2684845
EOSMAIN|5064471|851|2684846
EOSMAIN|5063173|852|2684847
EOSMAIN|5053364|853|2684848
EOSMAIN|5052861|854|2684849
EOSMAIN|5052847|855|2684850
EOSMAIN|5052832|856|2684851
EOSMAIN|5052817|857|2684852
EOSMAIN|5052802|858|2684853
EOSMAIN|5052787|859|2684854
EOSMAIN|5052697|860|2684855
EOSMAIN|5052682|861|2684856
EOSMAIN|5052667|862|2684857
EOSMAIN|5040058|863|2684858
EOSMAIN|5021066|864|2684859
EOSMAIN|5019261|865|2684860
EOSMAIN|5313204|866|2684861
EOSMAIN|6142666|867|2684862
EOSMAIN|5025769|868|2684863
EOSMAIN|6195699|869|2684864
EOSMAIN|6195677|870|2684865
EOSMAIN|6195657|871|2684866
EOSMAIN|6044102|872|2684867
EOSMAIN|6047955|873|2684868
EOSMAIN|5369007|874|2684869
EOSMAIN|5133692|875|2684870
EOSMAIN|5947623|876|2684871
EOSMAIN|6068539|877|2684872
EOSMAIN|5936080|878|2684873
EOSMAIN|5732408|879|2684874
EOSMAIN|5688990|880|2684875
EOSMAIN|5677337|881|2684876
EOSMAIN|5627591|882|2684877
EOSMAIN|5600593|883|2684878
EOSMAIN|5533458|884|2684879
EOSMAIN|5497578|885|2684880
EOSMAIN|5677190|886|2684881
EOSMAIN|5533443|887|2684882
EOSMAIN|5498622|888|2684883
EOSMAIN|22777894|889|2684884
EOSMAIN|5497501|890|2684885
EOSMAIN|22736500|891|2684886
EOSMAIN|22738944|892|2684887
EOSMAIN|22751192|893|2684888
EOSMAIN|22727938|894|2684889
EOSMAIN|22709433|895|2684890
EOSMAIN|22709138|896|2684891
EOSMAIN|22693318|897|2684892
EOSMAIN|22682833|898|2684893
EOSMAIN|22660679|899|2684894
EOSMAIN|22660609|900|2684895
