EOSMAIN|5388662|4901|2688896
EOSMAIN|5388642|4902|2688897
EOSMAIN|5386675|4903|2688898
EOSMAIN|5385829|4904|2688899
EOSMAIN|5385772|4905|2688900
EOSMAIN|5385748|4906|2688901
EOSMAIN|5385623|4907|2688902
EOSMAIN|5385590|4908|2688903
EOSMAIN|5385568|4909|2688904
EOSMAIN|5385515|4910|2688905
EOSMAIN|5385467|4911|2688906
EOSMAIN|5382927|4912|2688907
EOSMAIN|5382905|4913|2688908
EOSMAIN|5382839|4914|2688909
EOSMAIN|5382815|4915|2688910
EOSMAIN|5382780|4916|2688911
EOSMAIN|5382721|4917|2688912
EOSMAIN|5382688|4918|2688913
EOSMAIN|5381481|4919|2688914
EOSMAIN|5381462|4920|2688915
EOSMAIN|5381379|4921|2688916
EOSMAIN|5381344|4922|2688917
EOSMAIN|5381314|4923|2688918
EOSMAIN|5381293|4924|2688919
EOSMAIN|5380981|4925|2688920
EOSMAIN|5380754|4926|2688921
EOSMAIN|5379927|4927|2688922
EOSMAIN|5379163|4928|2688923
EOSMAIN|5379134|4929|2688924
EOSMAIN|5379088|4930|2688925
EOSMAIN|5378820|4931|2688926
EOSMAIN|5378787|4932|2688927
EOSMAIN|5378717|4933|2688928
EOSMAIN|5378688|4934|2688929
EOSMAIN|5378653|4935|2688930
EOSMAIN|5378588|4936|2688931
EOSMAIN|5378564|4937|2688932
EOSMAIN|5378538|4938|2688933
EOSMAIN|5378505|4939|2688934
EOSMAIN|5378446|4940|2688935
EOSMAIN|5378402|4941|2688936
EOSMAIN|5378319|4942|2688937
EOSMAIN|5378288|4943|2688938
EOSMAIN|5378253|4944|2688939
EOSMAIN|5378227|4945|2688940
EOSMAIN|5378183|4946|2688941
EOSMAIN|5378160|4947|2688942
EOSMAIN|5377404|4948|2688943
EOSMAIN|5375717|4949|2688944
EOSMAIN|5373999|4950|2688945
EOSMAIN|5373977|4951|2688946
EOSMAIN|5373957|4952|2688947
EOSMAIN|5373909|4953|2688948
EOSMAIN|5373876|4954|2688949
EOSMAIN|5373843|4955|2688950
EOSMAIN|5373797|4956|2688951
EOSMAIN|5373775|4957|2688952
EOSMAIN|5373687|4958|2688953
EOSMAIN|5373665|4959|2688954
EOSMAIN|5373632|4960|2688955
EOSMAIN|5373608|4961|2688956
EOSMAIN|5373573|4962|2688957
EOSMAIN|5373553|4963|2688958
EOSMAIN|5373477|4964|2688959
EOSMAIN|5373433|4965|2688960
EOSMAIN|5373413|4966|2688961
EOSMAIN|5373075|4967|2688962
EOSMAIN|5373042|4968|2688963
EOSMAIN|5372992|4969|2688964
EOSMAIN|5372972|4970|2688965
EOSMAIN|5372894|4971|2688966
EOSMAIN|5372422|4972|2688967
EOSMAIN|5371512|4973|2688968
EOSMAIN|5371440|4974|2688969
EOSMAIN|5371405|4975|2688970
EOSMAIN|5371385|4976|2688971
EOSMAIN|5371343|4977|2688972
EOSMAIN|5371323|4978|2688973
EOSMAIN|5371225|4979|2688974
EOSMAIN|5371159|4980|2688975
EOSMAIN|5371124|4981|2688976
EOSMAIN|5371018|4982|2688977
EOSMAIN|5368014|4983|2688978
EOSMAIN|5366967|4984|2688979
EOSMAIN|5360419|4985|2688980
EOSMAIN|5360338|4986|2688981
EOSMAIN|5360241|4987|2688982
EOSMAIN|5360157|4988|2688983
EOSMAIN|5359777|4989|2688984
EOSMAIN|5359743|4990|2688985
EOSMAIN|5358458|4991|2688986
EOSMAIN|5358435|4992|2688987
EOSMAIN|5353147|4993|2688988
EOSMAIN|5349800|4994|2688989
EOSMAIN|5349770|4995|2688990
EOSMAIN|5349737|4996|2688991
EOSMAIN|5349713|4997|2688992
EOSMAIN|5349693|4998|2688993
EOSMAIN|5349636|4999|2688994
EOSMAIN|5349614|5000|2688995
