EOSMAIN|5909361|3601|2687596
EOSMAIN|5909331|3602|2687597
EOSMAIN|5909173|3603|2687598
EOSMAIN|5909141|3604|2687599
EOSMAIN|5909107|3605|2687600
EOSMAIN|5904492|3606|2687601
EOSMAIN|5904390|3607|2687602
EOSMAIN|5900796|3608|2687603
EOSMAIN|5899154|3609|2687604
EOSMAIN|5899118|3610|2687605
EOSMAIN|5899060|3611|2687606
EOSMAIN|5896859|3612|2687607
EOSMAIN|5896754|3613|2687608
EOSMAIN|5896465|3614|2687609
EOSMAIN|5896444|3615|2687610
EOSMAIN|5896380|3616|2687611
EOSMAIN|5895609|3617|2687612
EOSMAIN|5889927|3618|2687613
EOSMAIN|5889906|3619|2687614
EOSMAIN|5887642|3620|2687615
EOSMAIN|5887370|3621|2687616
EOSMAIN|5887309|3622|2687617
EOSMAIN|5886259|3623|2687618
EOSMAIN|5886238|3624|2687619
EOSMAIN|5886202|3625|2687620
EOSMAIN|5886142|3626|2687621
EOSMAIN|5880940|3627|2687622
EOSMAIN|5880880|3628|2687623
EOSMAIN|5880844|3629|2687624
EOSMAIN|5880802|3630|2687625
EOSMAIN|5880767|3631|2687626
EOSMAIN|5879726|3632|2687627
EOSMAIN|5879703|3633|2687628
EOSMAIN|5879654|3634|2687629
EOSMAIN|5879629|3635|2687630
EOSMAIN|5878342|3636|2687631
EOSMAIN|5877655|3637|2687632
EOSMAIN|5877621|3638|2687633
EOSMAIN|5875823|3639|2687634
EOSMAIN|5875779|3640|2687635
EOSMAIN|5875722|3641|2687636
EOSMAIN|5875677|3642|2687637
EOSMAIN|5875632|3643|2687638
EOSMAIN|5875609|3644|2687639
EOSMAIN|5875528|3645|2687640
EOSMAIN|5875450|3646|2687641
EOSMAIN|5869212|3647|2687642
EOSMAIN|5869004|3648|2687643
EOSMAIN|5868968|3649|2687644
EOSMAIN|5868923|3650|2687645
EOSMAIN|5868889|3651|2687646
EOSMAIN|5868691|3652|2687647
EOSMAIN|5868635|3653|2687648
EOSMAIN|5868595|3654|2687649
EOSMAIN|5868568|3655|2687650
EOSMAIN|5868083|3656|2687651
EOSMAIN|5864031|3657|2687652
EOSMAIN|5863262|3658|2687653
EOSMAIN|5863224|3659|2687654
EOSMAIN|5863203|3660|2687655
EOSMAIN|5863128|3661|2687656
EOSMAIN|5863105|3662|2687657
EOSMAIN|5863032|3663|2687658
EOSMAIN|5862935|3664|2687659
EOSMAIN|5862795|3665|2687660
EOSMAIN|5861681|3666|2687661
EOSMAIN|5860374|3667|2687662
EOSMAIN|5859726|3668|2687663
EOSMAIN|5857598|3669|2687664
EOSMAIN|5856976|3670|2687665
EOSMAIN|5855468|3671|2687666
EOSMAIN|5855445|3672|2687667
EOSMAIN|5855383|3673|2687668
EOSMAIN|5855356|3674|2687669
EOSMAIN|5855333|3675|2687670
EOSMAIN|5855299|3676|2687671
EOSMAIN|5855229|3677|2687672
EOSMAIN|5855191|3678|2687673
EOSMAIN|5852418|3679|2687674
EOSMAIN|5852388|3680|2687675
EOSMAIN|5852358|3681|2687676
EOSMAIN|5851059|3682|2687677
EOSMAIN|5851023|3683|2687678
EOSMAIN|5850965|3684|2687679
EOSMAIN|5850157|3685|2687680
EOSMAIN|5850112|3686|2687681
EOSMAIN|5850052|3687|2687682
EOSMAIN|5849966|3688|2687683
EOSMAIN|5849908|3689|2687684
EOSMAIN|5849822|3690|2687685
EOSMAIN|5849788|3691|2687686
EOSMAIN|5848280|3692|2687687
EOSMAIN|5840561|3693|2687688
EOSMAIN|5840433|3694|2687689
EOSMAIN|5840311|3695|2687690
EOSMAIN|5840260|3696|2687691
EOSMAIN|5837702|3697|2687692
EOSMAIN|5833463|3698|2687693
EOSMAIN|5833128|3699|2687694
EOSMAIN|5833013|3700|2687695
