EOSMAIN|6179241|1101|2685096
EOSMAIN|6179194|1102|2685097
EOSMAIN|6179043|1103|2685098
EOSMAIN|6178751|1104|2685099
EOSMAIN|6178644|1105|2685100
EOSMAIN|6178419|1106|2685101
EOSMAIN|6178190|1107|2685102
EOSMAIN|6164759|1108|2685103
EOSMAIN|6162553|1109|2685104
EOSMAIN|6161248|1110|2685105
EOSMAIN|6161218|1111|2685106
EOSMAIN|6160782|1112|2685107
EOSMAIN|6159078|1113|2685108
EOSMAIN|6140850|1114|2685109
EOSMAIN|6140785|1115|2685110
EOSMAIN|6137100|1116|2685111
EOSMAIN|6137082|1117|2685112
EOSMAIN|6136655|1118|2685113
EOSMAIN|6128507|1119|2685114
EOSMAIN|6121901|1120|2685115
EOSMAIN|6116839|1121|2685116
EOSMAIN|6115786|1122|2685117
EOSMAIN|6115511|1123|2685118
EOSMAIN|6115438|1124|2685119
EOSMAIN|6110288|1125|2685120
EOSMAIN|6109095|1126|2685121
EOSMAIN|6108754|1127|2685122
EOSMAIN|6108553|1128|2685123
EOSMAIN|6108532|1129|2685124
EOSMAIN|6107570|1130|2685125
EOSMAIN|6107222|1131|2685126
EOSMAIN|6106933|1132|2685127
EOSMAIN|6106648|1133|2685128
EOSMAIN|6100763|1134|2685129
EOSMAIN|6099756|1135|2685130
EOSMAIN|6096568|1136|2685131
EOSMAIN|6085684|1137|2685132
EOSMAIN|6077546|1138|2685133
EOSMAIN|6077486|1139|2685134
EOSMAIN|6076064|1140|2685135
EOSMAIN|6072407|1141|2685136
EOSMAIN|6068360|1142|2685137
EOSMAIN|6061683|1143|2685138
EOSMAIN|6058356|1144|2685139
EOSMAIN|6056887|1145|2685140
EOSMAIN|6050873|1146|2685141
EOSMAIN|6050791|1147|2685142
EOSMAIN|6048522|1148|2685143
EOSMAIN|6048237|1149|2685144
EOSMAIN|6032888|1150|2685145
EOSMAIN|6024230|1151|2685146
EOSMAIN|6020748|1152|2685147
EOSMAIN|6017039|1153|2685148
EOSMAIN|6011053|1154|2685149
EOSMAIN|6004700|1155|2685150
EOSMAIN|6004544|1156|2685151
EOSMAIN|6003769|1157|2685152
EOSMAIN|5992776|1158|2685153
EOSMAIN|5990131|1159|2685154
EOSMAIN|5989123|1160|2685155
EOSMAIN|5983633|1161|2685156
EOSMAIN|5979487|1162|2685157
EOSMAIN|5977022|1163|2685158
EOSMAIN|5974697|1164|2685159
EOSMAIN|5974527|1165|2685160
EOSMAIN|5957190|1166|2685161
EOSMAIN|5954220|1167|2685162
EOSMAIN|5954175|1168|2685163
EOSMAIN|5937164|1169|2685164
EOSMAIN|5936872|1170|2685165
EOSMAIN|5929936|1171|2685166
EOSMAIN|5929711|1172|2685167
EOSMAIN|5928446|1173|2685168
EOSMAIN|5922514|1174|2685169
EOSMAIN|5920901|1175|2685170
EOSMAIN|5920874|1176|2685171
EOSMAIN|5915053|1177|2685172
EOSMAIN|5915017|1178|2685173
EOSMAIN|5914996|1179|2685174
EOSMAIN|5914362|1180|2685175
EOSMAIN|5914053|1181|2685176
EOSMAIN|5911664|1182|2685177
EOSMAIN|5911534|1183|2685178
EOSMAIN|5911359|1184|2685179
EOSMAIN|5909854|1185|2685180
EOSMAIN|5909827|1186|2685181
EOSMAIN|5907828|1187|2685182
EOSMAIN|5907807|1188|2685183
EOSMAIN|5907712|1189|2685184
EOSMAIN|5902381|1190|2685185
EOSMAIN|5902360|1191|2685186
EOSMAIN|5898343|1192|2685187
EOSMAIN|5887672|1193|2685188
EOSMAIN|5886293|1194|2685189
EOSMAIN|5875496|1195|2685190
EOSMAIN|5862912|1196|2685191
EOSMAIN|5855265|1197|2685192
EOSMAIN|5850798|1198|2685193
EOSMAIN|5842452|1199|2685194
EOSMAIN|5840503|1200|2685195
