EOSMAIN|5888587|401|2684396
EOSMAIN|5878747|402|2684397
EOSMAIN|5873448|403|2684398
EOSMAIN|5812588|404|2684399
EOSMAIN|5773437|405|2684400
EOSMAIN|5773404|406|2684401
EOSMAIN|5758062|407|2684402
EOSMAIN|5733647|408|2684403
EOSMAIN|5673072|409|2684404
EOSMAIN|5666473|410|2684405
EOSMAIN|5665717|411|2684406
EOSMAIN|5591036|412|2684407
EOSMAIN|5589507|413|2684408
EOSMAIN|5587036|414|2684409
EOSMAIN|5554732|415|2684410
EOSMAIN|5530418|416|2684411
EOSMAIN|5510356|417|2684412
EOSMAIN|5481650|418|2684413
EOSMAIN|5476708|419|2684414
EOSMAIN|5432703|420|2684415
EOSMAIN|5410166|421|2684416
EOSMAIN|5408449|422|2684417
EOSMAIN|5388247|423|2684418
EOSMAIN|5379588|424|2684419
EOSMAIN|5359708|425|2684420
EOSMAIN|5236236|426|2684421
EOSMAIN|5176511|427|2684422
EOSMAIN|5096398|428|2684423
EOSMAIN|5019433|429|2684424
EOSMAIN|5604690|430|2684425
EOSMAIN|5377955|431|2684426
EOSMAIN|6050152|432|2684427
EOSMAIN|6195602|433|2684428
EOSMAIN|5064312|434|2684429
EOSMAIN|6072082|435|2684430
EOSMAIN|5599428|436|2684431
EOSMAIN|5497563|437|2684432
EOSMAIN|5497518|438|2684433
EOSMAIN|5496457|439|2684434
EOSMAIN|22777998|440|2684435
EOSMAIN|5356210|441|2684436
EOSMAIN|5313129|442|2684437
EOSMAIN|5307507|443|2684438
EOSMAIN|5261407|444|2684439
EOSMAIN|22777928|445|2684440
EOSMAIN|22777910|446|2684441
EOSMAIN|5496441|447|2684442
EOSMAIN|5261372|448|2684443
EOSMAIN|22751072|449|2684444
EOSMAIN|22736661|450|2684445
EOSMAIN|5399830|451|2684446
EOSMAIN|22679284|452|2684447
EOSMAIN|22636452|453|2684448
EOSMAIN|22601913|454|2684449
EOSMAIN|22549301|455|2684450
EOSMAIN|22549119|456|2684451
EOSMAIN|22545152|457|2684452
EOSMAIN|22542151|458|2684453
EOSMAIN|22517878|459|2684454
EOSMAIN|22498297|460|2684455
EOSMAIN|22497298|461|2684456
EOSMAIN|22446147|462|2684457
EOSMAIN|22398161|463|2684458
EOSMAIN|22397935|464|2684459
EOSMAIN|22397840|465|2684460
EOSMAIN|22388568|466|2684461
EOSMAIN|22368748|467|2684462
EOSMAIN|22331734|468|2684463
EOSMAIN|22331555|469|2684464
EOSMAIN|22297305|470|2684465
EOSMAIN|22278563|471|2684466
EOSMAIN|22223396|472|2684467
EOSMAIN|22223344|473|2684468
EOSMAIN|22169181|474|2684469
EOSMAIN|20815280|475|2684470
EOSMAIN|20753185|476|2684471
EOSMAIN|20645542|477|2684472
EOSMAIN|19097955|478|2684473
EOSMAIN|17866269|479|2684474
EOSMAIN|17865371|480|2684475
EOSMAIN|17865330|481|2684476
EOSMAIN|17863895|482|2684477
EOSMAIN|17850782|483|2684478
EOSMAIN|17833667|484|2684479
EOSMAIN|17828968|485|2684480
EOSMAIN|17743413|486|2684481
EOSMAIN|17690410|487|2684482
EOSMAIN|17553055|488|2684483
EOSMAIN|17548906|489|2684484
EOSMAIN|17274050|490|2684485
EOSMAIN|9476826|491|2684486
EOSMAIN|6516086|492|2684487
EOSMAIN|6500310|493|2684488
EOSMAIN|6485211|494|2684489
EOSMAIN|6473888|495|2684490
EOSMAIN|6473430|496|2684491
EOSMAIN|6452871|497|2684492
EOSMAIN|6437283|498|2684493
EOSMAIN|6400116|499|2684494
EOSMAIN|6354505|500|2684495
