EOSMAIN|6159176|3301|2687296
EOSMAIN|6158757|3302|2687297
EOSMAIN|6158335|3303|2687298
EOSMAIN|6157033|3304|2687299
EOSMAIN|6156862|3305|2687300
EOSMAIN|6156799|3306|2687301
EOSMAIN|6156767|3307|2687302
EOSMAIN|6148645|3308|2687303
EOSMAIN|6148612|3309|2687304
EOSMAIN|6148592|3310|2687305
EOSMAIN|6148564|3311|2687306
EOSMAIN|6147251|3312|2687307
EOSMAIN|6145868|3313|2687308
EOSMAIN|6141020|3314|2687309
EOSMAIN|6140989|3315|2687310
EOSMAIN|6140879|3316|2687311
EOSMAIN|6136995|3317|2687312
EOSMAIN|6136715|3318|2687313
EOSMAIN|6136601|3319|2687314
EOSMAIN|6136422|3320|2687315
EOSMAIN|6136404|3321|2687316
EOSMAIN|6131588|3322|2687317
EOSMAIN|6128623|3323|2687318
EOSMAIN|6128607|3324|2687319
EOSMAIN|6128406|3325|2687320
EOSMAIN|6120856|3326|2687321
EOSMAIN|6119254|3327|2687322
EOSMAIN|6116774|3328|2687323
EOSMAIN|6116736|3329|2687324
EOSMAIN|6116702|3330|2687325
EOSMAIN|6116561|3331|2687326
EOSMAIN|6116059|3332|2687327
EOSMAIN|6115961|3333|2687328
EOSMAIN|6115925|3334|2687329
EOSMAIN|6115846|3335|2687330
EOSMAIN|6112164|3336|2687331
EOSMAIN|6111519|3337|2687332
EOSMAIN|6109221|3338|2687333
EOSMAIN|6109174|3339|2687334
EOSMAIN|6108890|3340|2687335
EOSMAIN|6108823|3341|2687336
EOSMAIN|6108722|3342|2687337
EOSMAIN|6108681|3343|2687338
EOSMAIN|6108585|3344|2687339
EOSMAIN|6108399|3345|2687340
EOSMAIN|6108361|3346|2687341
EOSMAIN|6108246|3347|2687342
EOSMAIN|6108223|3348|2687343
EOSMAIN|6108200|3349|2687344
EOSMAIN|6108099|3350|2687345
EOSMAIN|6108037|3351|2687346
EOSMAIN|6107926|3352|2687347
EOSMAIN|6107838|3353|2687348
EOSMAIN|6107783|3354|2687349
EOSMAIN|6107661|3355|2687350
EOSMAIN|6107619|3356|2687351
EOSMAIN|6107600|3357|2687352
EOSMAIN|6107522|3358|2687353
EOSMAIN|6107503|3359|2687354
EOSMAIN|6107461|3360|2687355
EOSMAIN|6107401|3361|2687356
EOSMAIN|6107355|3362|2687357
EOSMAIN|6107326|3363|2687358
EOSMAIN|6107305|3364|2687359
EOSMAIN|6107256|3365|2687360
EOSMAIN|6107124|3366|2687361
EOSMAIN|6107008|3367|2687362
EOSMAIN|6106879|3368|2687363
EOSMAIN|6106799|3369|2687364
EOSMAIN|6106756|3370|2687365
EOSMAIN|6106703|3371|2687366
EOSMAIN|6100879|3372|2687367
EOSMAIN|6099385|3373|2687368
EOSMAIN|6098306|3374|2687369
EOSMAIN|6096812|3375|2687370
EOSMAIN|6096779|3376|2687371
EOSMAIN|6096734|3377|2687372
EOSMAIN|6096668|3378|2687373
EOSMAIN|6096650|3379|2687374
EOSMAIN|6096488|3380|2687375
EOSMAIN|6096461|3381|2687376
EOSMAIN|6096424|3382|2687377
EOSMAIN|6089727|3383|2687378
EOSMAIN|6089510|3384|2687379
EOSMAIN|6084221|3385|2687380
EOSMAIN|6083619|3386|2687381
EOSMAIN|6083556|3387|2687382
EOSMAIN|6083373|3388|2687383
EOSMAIN|6083323|3389|2687384
EOSMAIN|6082755|3390|2687385
EOSMAIN|6077354|3391|2687386
EOSMAIN|6077334|3392|2687387
EOSMAIN|6076503|3393|2687388
EOSMAIN|6076022|3394|2687389
EOSMAIN|6076001|3395|2687390
EOSMAIN|6072677|3396|2687391
EOSMAIN|6072038|3397|2687392
EOSMAIN|6071823|3398|2687393
EOSMAIN|6071741|3399|2687394
EOSMAIN|6071640|3400|2687395
