EOSMAIN|6414646|2901|2686896
EOSMAIN|6414285|2902|2686897
EOSMAIN|6414203|2903|2686898
EOSMAIN|6413920|2904|2686899
EOSMAIN|6412773|2905|2686900
EOSMAIN|6411516|2906|2686901
EOSMAIN|6411463|2907|2686902
EOSMAIN|6408387|2908|2686903
EOSMAIN|6408368|2909|2686904
EOSMAIN|6408296|2910|2686905
EOSMAIN|6408276|2911|2686906
EOSMAIN|6408246|2912|2686907
EOSMAIN|6408202|2913|2686908
EOSMAIN|6408110|2914|2686909
EOSMAIN|6408086|2915|2686910
EOSMAIN|6408013|2916|2686911
EOSMAIN|6406630|2917|2686912
EOSMAIN|6406532|2918|2686913
EOSMAIN|6406099|2919|2686914
EOSMAIN|6405819|2920|2686915
EOSMAIN|6405276|2921|2686916
EOSMAIN|6403573|2922|2686917
EOSMAIN|6403229|2923|2686918
EOSMAIN|6403198|2924|2686919
EOSMAIN|6403064|2925|2686920
EOSMAIN|6402539|2926|2686921
EOSMAIN|6402222|2927|2686922
EOSMAIN|6402163|2928|2686923
EOSMAIN|6402053|2929|2686924
EOSMAIN|6400192|2930|2686925
EOSMAIN|6397700|2931|2686926
EOSMAIN|6397683|2932|2686927
EOSMAIN|6397661|2933|2686928
EOSMAIN|6397630|2934|2686929
EOSMAIN|6397612|2935|2686930
EOSMAIN|6397309|2936|2686931
EOSMAIN|6397175|2937|2686932
EOSMAIN|6394150|2938|2686933
EOSMAIN|6394119|2939|2686934
EOSMAIN|6394088|2940|2686935
EOSMAIN|6393984|2941|2686936
EOSMAIN|6393955|2942|2686937
EOSMAIN|6393907|2943|2686938
EOSMAIN|6393670|2944|2686939
EOSMAIN|6393600|2945|2686940
EOSMAIN|6393359|2946|2686941
EOSMAIN|6390921|2947|2686942
EOSMAIN|6388372|2948|2686943
EOSMAIN|6387181|2949|2686944
EOSMAIN|6386388|2950|2686945
EOSMAIN|6385987|2951|2686946
EOSMAIN|6385957|2952|2686947
EOSMAIN|6384972|2953|2686948
EOSMAIN|6383746|2954|2686949
EOSMAIN|6383415|2955|2686950
EOSMAIN|6383400|2956|2686951
EOSMAIN|6383264|2957|2686952
EOSMAIN|6381318|2958|2686953
EOSMAIN|6380729|2959|2686954
EOSMAIN|6380681|2960|2686955
EOSMAIN|6380503|2961|2686956
EOSMAIN|6380420|2962|2686957
EOSMAIN|6380399|2963|2686958
EOSMAIN|6380225|2964|2686959
EOSMAIN|6380112|2965|2686960
EOSMAIN|6380079|2966|2686961
EOSMAIN|6380019|2967|2686962
EOSMAIN|6379754|2968|2686963
EOSMAIN|6379712|2969|2686964
EOSMAIN|6379615|2970|2686965
EOSMAIN|6379569|2971|2686966
EOSMAIN|6379051|2972|2686967
EOSMAIN|6378616|2973|2686968
EOSMAIN|6377775|2974|2686969
EOSMAIN|6377563|2975|2686970
EOSMAIN|6377283|2976|2686971
EOSMAIN|6372853|2977|2686972
EOSMAIN|6369292|2978|2686973
EOSMAIN|6361351|2979|2686974
EOSMAIN|6361327|2980|2686975
EOSMAIN|6361307|2981|2686976
EOSMAIN|6360927|2982|2686977
EOSMAIN|6360756|2983|2686978
EOSMAIN|6360697|2984|2686979
EOSMAIN|6360413|2985|2686980
EOSMAIN|6358993|2986|2686981
EOSMAIN|6355775|2987|2686982
EOSMAIN|6354884|2988|2686983
EOSMAIN|6354836|2989|2686984
EOSMAIN|6354730|2990|2686985
EOSMAIN|6354710|2991|2686986
EOSMAIN|6354661|2992|2686987
EOSMAIN|6354373|2993|2686988
EOSMAIN|6354334|2994|2686989
EOSMAIN|6354252|2995|2686990
EOSMAIN|6354184|2996|2686991
EOSMAIN|6352929|2997|2686992
EOSMAIN|6352380|2998|2686993
EOSMAIN|6351205|2999|2686994
EOSMAIN|6350067|3000|2686995
