EOSMAIN|5785382|3801|2687796
EOSMAIN|5785359|3802|2687797
EOSMAIN|5785287|3803|2687798
EOSMAIN|5785216|3804|2687799
EOSMAIN|5785169|3805|2687800
EOSMAIN|5785146|3806|2687801
EOSMAIN|5785120|3807|2687802
EOSMAIN|5785080|3808|2687803
EOSMAIN|5785005|3809|2687804
EOSMAIN|5784983|3810|2687805
EOSMAIN|5784895|3811|2687806
EOSMAIN|5784845|3812|2687807
EOSMAIN|5784110|3813|2687808
EOSMAIN|5784033|3814|2687809
EOSMAIN|5783041|3815|2687810
EOSMAIN|5781658|3816|2687811
EOSMAIN|5781620|3817|2687812
EOSMAIN|5781584|3818|2687813
EOSMAIN|5781537|3819|2687814
EOSMAIN|5781500|3820|2687815
EOSMAIN|5781254|3821|2687816
EOSMAIN|5781220|3822|2687817
EOSMAIN|5781200|3823|2687818
EOSMAIN|5781179|3824|2687819
EOSMAIN|5781120|3825|2687820
EOSMAIN|5781083|3826|2687821
EOSMAIN|5781058|3827|2687822
EOSMAIN|5780986|3828|2687823
EOSMAIN|5777976|3829|2687824
EOSMAIN|5776204|3830|2687825
EOSMAIN|5776180|3831|2687826
EOSMAIN|5775644|3832|2687827
EOSMAIN|5773608|3833|2687828
EOSMAIN|5773556|3834|2687829
EOSMAIN|5773512|3835|2687830
EOSMAIN|5773468|3836|2687831
EOSMAIN|5773358|3837|2687832
EOSMAIN|5773314|3838|2687833
EOSMAIN|5772959|3839|2687834
EOSMAIN|5772923|3840|2687835
EOSMAIN|5772902|3841|2687836
EOSMAIN|5772881|3842|2687837
EOSMAIN|5771543|3843|2687838
EOSMAIN|5770884|3844|2687839
EOSMAIN|5770863|3845|2687840
EOSMAIN|5770838|3846|2687841
EOSMAIN|5770480|3847|2687842
EOSMAIN|5765607|3848|2687843
EOSMAIN|5764690|3849|2687844
EOSMAIN|5764667|3850|2687845
EOSMAIN|5764579|3851|2687846
EOSMAIN|5764432|3852|2687847
EOSMAIN|5764368|3853|2687848
EOSMAIN|5764270|3854|2687849
EOSMAIN|5764210|3855|2687850
EOSMAIN|5764187|3856|2687851
EOSMAIN|5764112|3857|2687852
EOSMAIN|5760844|3858|2687853
EOSMAIN|5760800|3859|2687854
EOSMAIN|5760743|3860|2687855
EOSMAIN|5759030|3861|2687856
EOSMAIN|5758746|3862|2687857
EOSMAIN|5758716|3863|2687858
EOSMAIN|5758686|3864|2687859
EOSMAIN|5758415|3865|2687860
EOSMAIN|5758360|3866|2687861
EOSMAIN|5758326|3867|2687862
EOSMAIN|5758249|3868|2687863
EOSMAIN|5758189|3869|2687864
EOSMAIN|5758164|3870|2687865
EOSMAIN|5758141|3871|2687866
EOSMAIN|5758094|3872|2687867
EOSMAIN|5758010|3873|2687868
EOSMAIN|5757439|3874|2687869
EOSMAIN|5757414|3875|2687870
EOSMAIN|5757393|3876|2687871
EOSMAIN|5757345|3877|2687872
EOSMAIN|5757305|3878|2687873
EOSMAIN|5757282|3879|2687874
EOSMAIN|5757220|3880|2687875
EOSMAIN|5757147|3881|2687876
EOSMAIN|5755003|3882|2687877
EOSMAIN|5754980|3883|2687878
EOSMAIN|5754957|3884|2687879
EOSMAIN|5754912|3885|2687880
EOSMAIN|5754878|3886|2687881
EOSMAIN|5754794|3887|2687882
EOSMAIN|5754650|3888|2687883
EOSMAIN|5754627|3889|2687884
EOSMAIN|5754604|3890|2687885
EOSMAIN|5754579|3891|2687886
EOSMAIN|5754541|3892|2687887
EOSMAIN|5754466|3893|2687888
EOSMAIN|5754371|3894|2687889
EOSMAIN|5754350|3895|2687890
EOSMAIN|5754327|3896|2687891
EOSMAIN|5749161|3897|2687892
EOSMAIN|5749137|3898|2687893
EOSMAIN|5746508|3899|2687894
EOSMAIN|5746448|3900|2687895
