EOSMAIN|22540322|601|2684596
EOSMAIN|22517780|602|2684597
EOSMAIN|22517724|603|2684598
EOSMAIN|22497864|604|2684599
EOSMAIN|22497060|605|2684600
EOSMAIN|22467803|606|2684601
EOSMAIN|22460997|607|2684602
EOSMAIN|22406017|608|2684603
EOSMAIN|22405986|609|2684604
EOSMAIN|22405540|610|2684605
EOSMAIN|22371930|611|2684606
EOSMAIN|22371812|612|2684607
EOSMAIN|22299251|613|2684608
EOSMAIN|22285174|614|2684609
EOSMAIN|22284076|615|2684610
EOSMAIN|22274581|616|2684611
EOSMAIN|22223779|617|2684612
EOSMAIN|22223564|618|2684613
EOSMAIN|22223424|619|2684614
EOSMAIN|22165428|620|2684615
EOSMAIN|20816100|621|2684616
EOSMAIN|20814861|622|2684617
EOSMAIN|20714308|623|2684618
EOSMAIN|20673667|624|2684619
EOSMAIN|19097922|625|2684620
EOSMAIN|19097884|626|2684621
EOSMAIN|17865995|627|2684622
EOSMAIN|17865558|628|2684623
EOSMAIN|17834026|629|2684624
EOSMAIN|17829486|630|2684625
EOSMAIN|17736465|631|2684626
EOSMAIN|17553381|632|2684627
EOSMAIN|17550698|633|2684628
EOSMAIN|17548250|634|2684629
EOSMAIN|17547858|635|2684630
EOSMAIN|17547423|636|2684631
EOSMAIN|17544294|637|2684632
EOSMAIN|17544203|638|2684633
EOSMAIN|17375285|639|2684634
EOSMAIN|13951656|640|2684635
EOSMAIN|13950954|641|2684636
EOSMAIN|13950649|642|2684637
EOSMAIN|12768177|643|2684638
EOSMAIN|9536044|644|2684639
EOSMAIN|9535607|645|2684640
EOSMAIN|9510582|646|2684641
EOSMAIN|9487499|647|2684642
EOSMAIN|9487477|648|2684643
EOSMAIN|6504615|649|2684644
EOSMAIN|6488370|650|2684645
EOSMAIN|6474250|651|2684646
EOSMAIN|6463303|652|2684647
EOSMAIN|6457149|653|2684648
EOSMAIN|6445479|654|2684649
EOSMAIN|6444331|655|2684650
EOSMAIN|6422940|656|2684651
EOSMAIN|6411494|657|2684652
EOSMAIN|6402361|658|2684653
EOSMAIN|6400731|659|2684654
EOSMAIN|6393564|660|2684655
EOSMAIN|6386354|661|2684656
EOSMAIN|6380149|662|2684657
EOSMAIN|6365252|663|2684658
EOSMAIN|6360352|664|2684659
EOSMAIN|6349355|665|2684660
EOSMAIN|6343992|666|2684661
EOSMAIN|6335040|667|2684662
EOSMAIN|6331689|668|2684663
EOSMAIN|6328177|669|2684664
EOSMAIN|6308202|670|2684665
EOSMAIN|6303389|671|2684666
EOSMAIN|6299933|672|2684667
EOSMAIN|6295879|673|2684668
EOSMAIN|6294674|674|2684669
EOSMAIN|6286856|675|2684670
EOSMAIN|6286604|676|2684671
EOSMAIN|6286086|677|2684672
EOSMAIN|6284816|678|2684673
EOSMAIN|6268453|679|2684674
EOSMAIN|6252994|680|2684675
EOSMAIN|6244910|681|2684676
EOSMAIN|6214294|682|2684677
EOSMAIN|6209599|683|2684678
EOSMAIN|6206972|684|2684679
EOSMAIN|6197715|685|2684680
EOSMAIN|6193383|686|2684681
EOSMAIN|6193298|687|2684682
EOSMAIN|6192736|688|2684683
EOSMAIN|6189211|689|2684684
EOSMAIN|6186831|690|2684685
EOSMAIN|6181755|691|2684686
EOSMAIN|6180856|692|2684687
EOSMAIN|6180810|693|2684688
EOSMAIN|6180220|694|2684689
EOSMAIN|6178333|695|2684690
EOSMAIN|6157225|696|2684691
EOSMAIN|6136635|697|2684692
EOSMAIN|6128539|698|2684693
EOSMAIN|6124609|699|2684694
EOSMAIN|6116864|700|2684695
