EOSMAIN|5832968|3701|2687696
EOSMAIN|5832945|3702|2687697
EOSMAIN|5832907|3703|2687698
EOSMAIN|5831278|3704|2687699
EOSMAIN|5831260|3705|2687700
EOSMAIN|5831229|3706|2687701
EOSMAIN|5831184|3707|2687702
EOSMAIN|5831141|3708|2687703
EOSMAIN|5829295|3709|2687704
EOSMAIN|5825317|3710|2687705
EOSMAIN|5824872|3711|2687706
EOSMAIN|5821537|3712|2687707
EOSMAIN|5821260|3713|2687708
EOSMAIN|5820809|3714|2687709
EOSMAIN|5820775|3715|2687710
EOSMAIN|5819285|3716|2687711
EOSMAIN|5818978|3717|2687712
EOSMAIN|5818930|3718|2687713
EOSMAIN|5818811|3719|2687714
EOSMAIN|5817518|3720|2687715
EOSMAIN|5817432|3721|2687716
EOSMAIN|5816279|3722|2687717
EOSMAIN|5813509|3723|2687718
EOSMAIN|5813449|3724|2687719
EOSMAIN|5813389|3725|2687720
EOSMAIN|5813359|3726|2687721
EOSMAIN|5812728|3727|2687722
EOSMAIN|5812498|3728|2687723
EOSMAIN|5812128|3729|2687724
EOSMAIN|5812099|3730|2687725
EOSMAIN|5811986|3731|2687726
EOSMAIN|5811922|3732|2687727
EOSMAIN|5811902|3733|2687728
EOSMAIN|5811862|3734|2687729
EOSMAIN|5811824|3735|2687730
EOSMAIN|5811752|3736|2687731
EOSMAIN|5811704|3737|2687732
EOSMAIN|5811605|3738|2687733
EOSMAIN|5811542|3739|2687734
EOSMAIN|5811513|3740|2687735
EOSMAIN|5811489|3741|2687736
EOSMAIN|5811455|3742|2687737
EOSMAIN|5811434|3743|2687738
EOSMAIN|5811377|3744|2687739
EOSMAIN|5809347|3745|2687740
EOSMAIN|5807926|3746|2687741
EOSMAIN|5807431|3747|2687742
EOSMAIN|5807402|3748|2687743
EOSMAIN|5807372|3749|2687744
EOSMAIN|5805966|3750|2687745
EOSMAIN|5805846|3751|2687746
EOSMAIN|5802085|3752|2687747
EOSMAIN|5802063|3753|2687748
EOSMAIN|5800228|3754|2687749
EOSMAIN|5800198|3755|2687750
EOSMAIN|5797741|3756|2687751
EOSMAIN|5797679|3757|2687752
EOSMAIN|5797652|3758|2687753
EOSMAIN|5797610|3759|2687754
EOSMAIN|5795506|3760|2687755
EOSMAIN|5795468|3761|2687756
EOSMAIN|5795389|3762|2687757
EOSMAIN|5795368|3763|2687758
EOSMAIN|5795345|3764|2687759
EOSMAIN|5795303|3765|2687760
EOSMAIN|5795281|3766|2687761
EOSMAIN|5795217|3767|2687762
EOSMAIN|5795183|3768|2687763
EOSMAIN|5795148|3769|2687764
EOSMAIN|5795124|3770|2687765
EOSMAIN|5795102|3771|2687766
EOSMAIN|5791566|3772|2687767
EOSMAIN|5789901|3773|2687768
EOSMAIN|5789878|3774|2687769
EOSMAIN|5789793|3775|2687770
EOSMAIN|5789731|3776|2687771
EOSMAIN|5789081|3777|2687772
EOSMAIN|5788528|3778|2687773
EOSMAIN|5787462|3779|2687774
EOSMAIN|5787432|3780|2687775
EOSMAIN|5787402|3781|2687776
EOSMAIN|5787372|3782|2687777
EOSMAIN|5787283|3783|2687778
EOSMAIN|5786706|3784|2687779
EOSMAIN|5786674|3785|2687780
EOSMAIN|5786653|3786|2687781
EOSMAIN|5786447|3787|2687782
EOSMAIN|5786287|3788|2687783
EOSMAIN|5786264|3789|2687784
EOSMAIN|5785840|3790|2687785
EOSMAIN|5785810|3791|2687786
EOSMAIN|5785780|3792|2687787
EOSMAIN|5785750|3793|2687788
EOSMAIN|5785620|3794|2687789
EOSMAIN|5785591|3795|2687790
EOSMAIN|5785555|3796|2687791
EOSMAIN|5785534|3797|2687792
EOSMAIN|5785485|3798|2687793
EOSMAIN|5785426|3799|2687794
EOSMAIN|5785403|3800|2687795
