EOSMAIN|5414058|4801|2688796
EOSMAIN|5414004|4802|2688797
EOSMAIN|5413960|4803|2688798
EOSMAIN|5413901|4804|2688799
EOSMAIN|5410354|4805|2688800
EOSMAIN|5410323|4806|2688801
EOSMAIN|5410242|4807|2688802
EOSMAIN|5410209|4808|2688803
EOSMAIN|5410189|4809|2688804
EOSMAIN|5409442|4810|2688805
EOSMAIN|5409422|4811|2688806
EOSMAIN|5409391|4812|2688807
EOSMAIN|5409371|4813|2688808
EOSMAIN|5409334|4814|2688809
EOSMAIN|5409312|4815|2688810
EOSMAIN|5409231|4816|2688811
EOSMAIN|5409176|4817|2688812
EOSMAIN|5409154|4818|2688813
EOSMAIN|5409132|4819|2688814
EOSMAIN|5409075|4820|2688815
EOSMAIN|5409034|4821|2688816
EOSMAIN|5408914|4822|2688817
EOSMAIN|5408892|4823|2688818
EOSMAIN|5408853|4824|2688819
EOSMAIN|5408831|4825|2688820
EOSMAIN|5408346|4826|2688821
EOSMAIN|5408327|4827|2688822
EOSMAIN|5407312|4828|2688823
EOSMAIN|5406350|4829|2688824
EOSMAIN|5405480|4830|2688825
EOSMAIN|5405445|4831|2688826
EOSMAIN|5405368|4832|2688827
EOSMAIN|5405335|4833|2688828
EOSMAIN|5405302|4834|2688829
EOSMAIN|5405029|4835|2688830
EOSMAIN|5404278|4836|2688831
EOSMAIN|5401461|4837|2688832
EOSMAIN|5401350|4838|2688833
EOSMAIN|5401317|4839|2688834
EOSMAIN|5401282|4840|2688835
EOSMAIN|5401262|4841|2688836
EOSMAIN|5401212|4842|2688837
EOSMAIN|5401191|4843|2688838
EOSMAIN|5397737|4844|2688839
EOSMAIN|5397466|4845|2688840
EOSMAIN|5397437|4846|2688841
EOSMAIN|5397408|4847|2688842
EOSMAIN|5397379|4848|2688843
EOSMAIN|5397350|4849|2688844
EOSMAIN|5397321|4850|2688845
EOSMAIN|5397292|4851|2688846
EOSMAIN|5397263|4852|2688847
EOSMAIN|5397205|4853|2688848
EOSMAIN|5397176|4854|2688849
EOSMAIN|5397147|4855|2688850
EOSMAIN|5397129|4856|2688851
EOSMAIN|5396845|4857|2688852
EOSMAIN|5396751|4858|2688853
EOSMAIN|5396725|4859|2688854
EOSMAIN|5396703|4860|2688855
EOSMAIN|5396600|4861|2688856
EOSMAIN|5396561|4862|2688857
EOSMAIN|5396451|4863|2688858
EOSMAIN|5395170|4864|2688859
EOSMAIN|5395148|4865|2688860
EOSMAIN|5395127|4866|2688861
EOSMAIN|5395101|4867|2688862
EOSMAIN|5395079|4868|2688863
EOSMAIN|5394834|4869|2688864
EOSMAIN|5394795|4870|2688865
EOSMAIN|5394727|4871|2688866
EOSMAIN|5394683|4872|2688867
EOSMAIN|5394663|4873|2688868
EOSMAIN|5394630|4874|2688869
EOSMAIN|5394608|4875|2688870
EOSMAIN|5394586|4876|2688871
EOSMAIN|5394564|4877|2688872
EOSMAIN|5394542|4878|2688873
EOSMAIN|5393299|4879|2688874
EOSMAIN|5389717|4880|2688875
EOSMAIN|5389696|4881|2688876
EOSMAIN|5389623|4882|2688877
EOSMAIN|5389604|4883|2688878
EOSMAIN|5389583|4884|2688879
EOSMAIN|5389551|4885|2688880
EOSMAIN|5389519|4886|2688881
EOSMAIN|5389500|4887|2688882
EOSMAIN|5389457|4888|2688883
EOSMAIN|5389438|4889|2688884
EOSMAIN|5389421|4890|2688885
EOSMAIN|5389156|4891|2688886
EOSMAIN|5389136|4892|2688887
EOSMAIN|5389112|4893|2688888
EOSMAIN|5389077|4894|2688889
EOSMAIN|5389057|4895|2688890
EOSMAIN|5388909|4896|2688891
EOSMAIN|5388883|4897|2688892
EOSMAIN|5388837|4898|2688893
EOSMAIN|5388787|4899|2688894
EOSMAIN|5388730|4900|2688895
