EOSMAIN|5359146|1301|2685296
EOSMAIN|5349250|1302|2685297
EOSMAIN|5348261|1303|2685298
EOSMAIN|5340994|1304|2685299
EOSMAIN|5336104|1305|2685300
EOSMAIN|5336008|1306|2685301
EOSMAIN|5335947|1307|2685302
EOSMAIN|5335704|1308|2685303
EOSMAIN|5335347|1309|2685304
EOSMAIN|5335323|1310|2685305
EOSMAIN|5335156|1311|2685306
EOSMAIN|5335134|1312|2685307
EOSMAIN|5335112|1313|2685308
EOSMAIN|5333664|1314|2685309
EOSMAIN|5327521|1315|2685310
EOSMAIN|5327399|1316|2685311
EOSMAIN|5327307|1317|2685312
EOSMAIN|5326864|1318|2685313
EOSMAIN|5326848|1319|2685314
EOSMAIN|5326825|1320|2685315
EOSMAIN|5324400|1321|2685316
EOSMAIN|5324378|1322|2685317
EOSMAIN|5324335|1323|2685318
EOSMAIN|5316374|1324|2685319
EOSMAIN|5315220|1325|2685320
EOSMAIN|5313079|1326|2685321
EOSMAIN|5312995|1327|2685322
EOSMAIN|5308342|1328|2685323
EOSMAIN|5308188|1329|2685324
EOSMAIN|5308095|1330|2685325
EOSMAIN|5308071|1331|2685326
EOSMAIN|5307428|1332|2685327
EOSMAIN|5304649|1333|2685328
EOSMAIN|5301237|1334|2685329
EOSMAIN|5298148|1335|2685330
EOSMAIN|5298012|1336|2685331
EOSMAIN|5290194|1337|2685332
EOSMAIN|5290132|1338|2685333
EOSMAIN|5290114|1339|2685334
EOSMAIN|5289667|1340|2685335
EOSMAIN|5289647|1341|2685336
EOSMAIN|5289261|1342|2685337
EOSMAIN|5289025|1343|2685338
EOSMAIN|5288932|1344|2685339
EOSMAIN|5288789|1345|2685340
EOSMAIN|5288689|1346|2685341
EOSMAIN|5282504|1347|2685342
EOSMAIN|5274465|1348|2685343
EOSMAIN|5273914|1349|2685344
EOSMAIN|5273892|1350|2685345
EOSMAIN|5273615|1351|2685346
EOSMAIN|5268039|1352|2685347
EOSMAIN|5267992|1353|2685348
EOSMAIN|5267718|1354|2685349
EOSMAIN|5249154|1355|2685350
EOSMAIN|5248241|1356|2685351
EOSMAIN|5247637|1357|2685352
EOSMAIN|5247439|1358|2685353
EOSMAIN|5247319|1359|2685354
EOSMAIN|5242186|1360|2685355
EOSMAIN|5240981|1361|2685356
EOSMAIN|5240810|1362|2685357
EOSMAIN|5236765|1363|2685358
EOSMAIN|5236485|1364|2685359
EOSMAIN|5193943|1365|2685360
EOSMAIN|5193470|1366|2685361
EOSMAIN|5192527|1367|2685362
EOSMAIN|5191981|1368|2685363
EOSMAIN|5146391|1369|2685364
EOSMAIN|5134190|1370|2685365
EOSMAIN|5134018|1371|2685366
EOSMAIN|5093733|1372|2685367
EOSMAIN|5093719|1373|2685368
EOSMAIN|5093641|1374|2685369
EOSMAIN|5064280|1375|2685370
EOSMAIN|5063411|1376|2685371
EOSMAIN|5062947|1377|2685372
EOSMAIN|5062105|1378|2685373
EOSMAIN|5060646|1379|2685374
EOSMAIN|5057236|1380|2685375
EOSMAIN|5057161|1381|2685376
EOSMAIN|5055405|1382|2685377
EOSMAIN|5041076|1383|2685378
EOSMAIN|5040029|1384|2685379
EOSMAIN|5038388|1385|2685380
EOSMAIN|6118010|1386|2685381
EOSMAIN|6118235|1387|2685382
EOSMAIN|6165307|1388|2685383
EOSMAIN|6259338|1389|2685384
EOSMAIN|6361201|1390|2685385
EOSMAIN|6288598|1391|2685386
EOSMAIN|6313077|1392|2685387
EOSMAIN|22752464|1393|2685388
EOSMAIN|22736336|1394|2685389
EOSMAIN|22730478|1395|2685390
EOSMAIN|22732276|1396|2685391
EOSMAIN|22709691|1397|2685392
EOSMAIN|22709541|1398|2685393
EOSMAIN|22709289|1399|2685394
EOSMAIN|22694739|1400|2685395
