EOSMAIN|5746425|3901|2687896
EOSMAIN|5746402|3902|2687897
EOSMAIN|5745611|3903|2687898
EOSMAIN|5744979|3904|2687899
EOSMAIN|5744766|3905|2687900
EOSMAIN|5740748|3906|2687901
EOSMAIN|5740240|3907|2687902
EOSMAIN|5740187|3908|2687903
EOSMAIN|5740095|3909|2687904
EOSMAIN|5740072|3910|2687905
EOSMAIN|5739968|3911|2687906
EOSMAIN|5738905|3912|2687907
EOSMAIN|5736702|3913|2687908
EOSMAIN|5736668|3914|2687909
EOSMAIN|5736594|3915|2687910
EOSMAIN|5736571|3916|2687911
EOSMAIN|5736537|3917|2687912
EOSMAIN|5736503|3918|2687913
EOSMAIN|5736456|3919|2687914
EOSMAIN|5736422|3920|2687915
EOSMAIN|5736399|3921|2687916
EOSMAIN|5736350|3922|2687917
EOSMAIN|5736247|3923|2687918
EOSMAIN|5735360|3924|2687919
EOSMAIN|5731868|3925|2687920
EOSMAIN|5729660|3926|2687921
EOSMAIN|5729614|3927|2687922
EOSMAIN|5729574|3928|2687923
EOSMAIN|5729549|3929|2687924
EOSMAIN|5729528|3930|2687925
EOSMAIN|5729506|3931|2687926
EOSMAIN|5727289|3932|2687927
EOSMAIN|5725754|3933|2687928
EOSMAIN|5725709|3934|2687929
EOSMAIN|5724545|3935|2687930
EOSMAIN|5724319|3936|2687931
EOSMAIN|5723429|3937|2687932
EOSMAIN|5723384|3938|2687933
EOSMAIN|5722394|3939|2687934
EOSMAIN|5722374|3940|2687935
EOSMAIN|5722310|3941|2687936
EOSMAIN|5722279|3942|2687937
EOSMAIN|5721610|3943|2687938
EOSMAIN|5721587|3944|2687939
EOSMAIN|5721547|3945|2687940
EOSMAIN|5721496|3946|2687941
EOSMAIN|5721460|3947|2687942
EOSMAIN|5721372|3948|2687943
EOSMAIN|5719760|3949|2687944
EOSMAIN|5717704|3950|2687945
EOSMAIN|5717670|3951|2687946
EOSMAIN|5717647|3952|2687947
EOSMAIN|5717623|3953|2687948
EOSMAIN|5717576|3954|2687949
EOSMAIN|5717515|3955|2687950
EOSMAIN|5717334|3956|2687951
EOSMAIN|5717287|3957|2687952
EOSMAIN|5717238|3958|2687953
EOSMAIN|5717215|3959|2687954
EOSMAIN|5717192|3960|2687955
EOSMAIN|5717139|3961|2687956
EOSMAIN|5716974|3962|2687957
EOSMAIN|5716546|3963|2687958
EOSMAIN|5716521|3964|2687959
EOSMAIN|5716304|3965|2687960
EOSMAIN|5716179|3966|2687961
EOSMAIN|5716100|3967|2687962
EOSMAIN|5716066|3968|2687963
EOSMAIN|5716045|3969|2687964
EOSMAIN|5716011|3970|2687965
EOSMAIN|5715966|3971|2687966
EOSMAIN|5715941|3972|2687967
EOSMAIN|5715241|3973|2687968
EOSMAIN|5715061|3974|2687969
EOSMAIN|5714826|3975|2687970
EOSMAIN|5714773|3976|2687971
EOSMAIN|5714742|3977|2687972
EOSMAIN|5714724|3978|2687973
EOSMAIN|5714092|3979|2687974
EOSMAIN|5714014|3980|2687975
EOSMAIN|5713000|3981|2687976
EOSMAIN|5712975|3982|2687977
EOSMAIN|5712915|3983|2687978
EOSMAIN|5712881|3984|2687979
EOSMAIN|5712808|3985|2687980
EOSMAIN|5712761|3986|2687981
EOSMAIN|5711296|3987|2687982
EOSMAIN|5709994|3988|2687983
EOSMAIN|5709952|3989|2687984
EOSMAIN|5709929|3990|2687985
EOSMAIN|5709906|3991|2687986
EOSMAIN|5709842|3992|2687987
EOSMAIN|5709808|3993|2687988
EOSMAIN|5709772|3994|2687989
EOSMAIN|5709738|3995|2687990
EOSMAIN|5709637|3996|2687991
EOSMAIN|5709612|3997|2687992
EOSMAIN|5709550|3998|2687993
EOSMAIN|5709516|3999|2687994
EOSMAIN|5709480|4000|2687995
