EOSMAIN|6068415|3401|2687396
EOSMAIN|6068325|3402|2687397
EOSMAIN|6068181|3403|2687398
EOSMAIN|6068145|3404|2687399
EOSMAIN|6068097|3405|2687400
EOSMAIN|6067542|3406|2687401
EOSMAIN|6067496|3407|2687402
EOSMAIN|6067381|3408|2687403
EOSMAIN|6067335|3409|2687404
EOSMAIN|6064243|3410|2687405
EOSMAIN|6063231|3411|2687406
EOSMAIN|6061510|3412|2687407
EOSMAIN|6059636|3413|2687408
EOSMAIN|6057148|3414|2687409
EOSMAIN|6057125|3415|2687410
EOSMAIN|6057058|3416|2687411
EOSMAIN|6056966|3417|2687412
EOSMAIN|6056941|3418|2687413
EOSMAIN|6056907|3419|2687414
EOSMAIN|6056812|3420|2687415
EOSMAIN|6056787|3421|2687416
EOSMAIN|6056723|3422|2687417
EOSMAIN|6056674|3423|2687418
EOSMAIN|6056642|3424|2687419
EOSMAIN|6053980|3425|2687420
EOSMAIN|6053908|3426|2687421
EOSMAIN|6053847|3427|2687422
EOSMAIN|6053810|3428|2687423
EOSMAIN|6053699|3429|2687424
EOSMAIN|6053378|3430|2687425
EOSMAIN|6050853|3431|2687426
EOSMAIN|6050775|3432|2687427
EOSMAIN|6050695|3433|2687428
EOSMAIN|6048484|3434|2687429
EOSMAIN|6048404|3435|2687430
EOSMAIN|6048193|3436|2687431
EOSMAIN|6048120|3437|2687432
EOSMAIN|6047844|3438|2687433
EOSMAIN|6047795|3439|2687434
EOSMAIN|6047699|3440|2687435
EOSMAIN|6047623|3441|2687436
EOSMAIN|6044253|3442|2687437
EOSMAIN|6042018|3443|2687438
EOSMAIN|6040295|3444|2687439
EOSMAIN|6039237|3445|2687440
EOSMAIN|6039167|3446|2687441
EOSMAIN|6033447|3447|2687442
EOSMAIN|6033127|3448|2687443
EOSMAIN|6030939|3449|2687444
EOSMAIN|6028728|3450|2687445
EOSMAIN|6022248|3451|2687446
EOSMAIN|6022027|3452|2687447
EOSMAIN|6019859|3453|2687448
EOSMAIN|6019639|3454|2687449
EOSMAIN|6018294|3455|2687450
EOSMAIN|6017415|3456|2687451
EOSMAIN|6009587|3457|2687452
EOSMAIN|6009557|3458|2687453
EOSMAIN|6009410|3459|2687454
EOSMAIN|6008856|3460|2687455
EOSMAIN|6005102|3461|2687456
EOSMAIN|6005081|3462|2687457
EOSMAIN|6004995|3463|2687458
EOSMAIN|6004873|3464|2687459
EOSMAIN|6004502|3465|2687460
EOSMAIN|6004479|3466|2687461
EOSMAIN|6004428|3467|2687462
EOSMAIN|6004356|3468|2687463
EOSMAIN|6003807|3469|2687464
EOSMAIN|6002005|3470|2687465
EOSMAIN|6001930|3471|2687466
EOSMAIN|6001907|3472|2687467
EOSMAIN|6001872|3473|2687468
EOSMAIN|6001036|3474|2687469
EOSMAIN|6000074|3475|2687470
EOSMAIN|5996702|3476|2687471
EOSMAIN|5996654|3477|2687472
EOSMAIN|5993420|3478|2687473
EOSMAIN|5993398|3479|2687474
EOSMAIN|5993365|3480|2687475
EOSMAIN|5993347|3481|2687476
EOSMAIN|5992690|3482|2687477
EOSMAIN|5992658|3483|2687478
EOSMAIN|5992597|3484|2687479
EOSMAIN|5990188|3485|2687480
EOSMAIN|5988841|3486|2687481
EOSMAIN|5986519|3487|2687482
EOSMAIN|5986497|3488|2687483
EOSMAIN|5986331|3489|2687484
EOSMAIN|5986211|3490|2687485
EOSMAIN|5986151|3491|2687486
EOSMAIN|5986102|3492|2687487
EOSMAIN|5983796|3493|2687488
EOSMAIN|5983752|3494|2687489
EOSMAIN|5983682|3495|2687490
EOSMAIN|5983610|3496|2687491
EOSMAIN|5983551|3497|2687492
EOSMAIN|5982188|3498|2687493
EOSMAIN|5982096|3499|2687494
EOSMAIN|5980009|3500|2687495
