EOSMAIN|22368698|2601|2686596
EOSMAIN|22368613|2602|2686597
EOSMAIN|22314345|2603|2686598
EOSMAIN|22299636|2604|2686599
EOSMAIN|22285510|2605|2686600
EOSMAIN|22285336|2606|2686601
EOSMAIN|22285293|2607|2686602
EOSMAIN|22285087|2608|2686603
EOSMAIN|22284839|2609|2686604
EOSMAIN|22223871|2610|2686605
EOSMAIN|22223753|2611|2686606
EOSMAIN|22223665|2612|2686607
EOSMAIN|22223640|2613|2686608
EOSMAIN|22223506|2614|2686609
EOSMAIN|22223454|2615|2686610
EOSMAIN|22216855|2616|2686611
EOSMAIN|22165063|2617|2686612
EOSMAIN|22164488|2618|2686613
EOSMAIN|22164105|2619|2686614
EOSMAIN|22163120|2620|2686615
EOSMAIN|22144002|2621|2686616
EOSMAIN|22143980|2622|2686617
EOSMAIN|22143927|2623|2686618
EOSMAIN|22143905|2624|2686619
EOSMAIN|22143872|2625|2686620
EOSMAIN|22143431|2626|2686621
EOSMAIN|22114067|2627|2686622
EOSMAIN|20815247|2628|2686623
EOSMAIN|20815213|2629|2686624
EOSMAIN|20762176|2630|2686625
EOSMAIN|20714206|2631|2686626
EOSMAIN|20698010|2632|2686627
EOSMAIN|20697661|2633|2686628
EOSMAIN|20697413|2634|2686629
EOSMAIN|20688948|2635|2686630
EOSMAIN|20688809|2636|2686631
EOSMAIN|20688600|2637|2686632
EOSMAIN|20688494|2638|2686633
EOSMAIN|20688458|2639|2686634
EOSMAIN|20688355|2640|2686635
EOSMAIN|20687470|2641|2686636
EOSMAIN|20673597|2642|2686637
EOSMAIN|20672999|2643|2686638
EOSMAIN|20672700|2644|2686639
EOSMAIN|20672601|2645|2686640
EOSMAIN|20672350|2646|2686641
EOSMAIN|20672262|2647|2686642
EOSMAIN|20671695|2648|2686643
EOSMAIN|20671350|2649|2686644
EOSMAIN|20671284|2650|2686645
EOSMAIN|20671217|2651|2686646
EOSMAIN|20671119|2652|2686647
EOSMAIN|20658353|2653|2686648
EOSMAIN|19363444|2654|2686649
EOSMAIN|19354298|2655|2686650
EOSMAIN|19308901|2656|2686651
EOSMAIN|19302936|2657|2686652
EOSMAIN|19302585|2658|2686653
EOSMAIN|19233520|2659|2686654
EOSMAIN|19233501|2660|2686655
EOSMAIN|19232798|2661|2686656
EOSMAIN|19232751|2662|2686657
EOSMAIN|19231142|2663|2686658
EOSMAIN|19230771|2664|2686659
EOSMAIN|19223133|2665|2686660
EOSMAIN|19197324|2666|2686661
EOSMAIN|19190784|2667|2686662
EOSMAIN|19180252|2668|2686663
EOSMAIN|19171724|2669|2686664
EOSMAIN|19132032|2670|2686665
EOSMAIN|19102631|2671|2686666
EOSMAIN|19102606|2672|2686667
EOSMAIN|19102581|2673|2686668
EOSMAIN|19102556|2674|2686669
EOSMAIN|19102536|2675|2686670
EOSMAIN|19102511|2676|2686671
EOSMAIN|19102462|2677|2686672
EOSMAIN|19102437|2678|2686673
EOSMAIN|19102408|2679|2686674
EOSMAIN|19098795|2680|2686675
EOSMAIN|19098771|2681|2686676
EOSMAIN|19098746|2682|2686677
EOSMAIN|19098721|2683|2686678
EOSMAIN|19098664|2684|2686679
EOSMAIN|17866084|2685|2686680
EOSMAIN|17865943|2686|2686681
EOSMAIN|17865753|2687|2686682
EOSMAIN|17865616|2688|2686683
EOSMAIN|17865462|2689|2686684
EOSMAIN|17865159|2690|2686685
EOSMAIN|17865082|2691|2686686
EOSMAIN|17864553|2692|2686687
EOSMAIN|17861134|2693|2686688
EOSMAIN|17861027|2694|2686689
EOSMAIN|17834425|2695|2686690
EOSMAIN|17834289|2696|2686691
EOSMAIN|17834130|2697|2686692
EOSMAIN|17833565|2698|2686693
EOSMAIN|17829678|2699|2686694
EOSMAIN|17829627|2700|2686695
