EOSMAIN|22553586|1|2681650
EOSMAIN|5054641|2|2681651
EOSMAIN|6048603|3|2681652
EOSMAIN|5054710|4|2681653
EOSMAIN|5054659|5|2681654
EOSMAIN|5236796|6|2681655
EOSMAIN|22750818|7|2681656
EOSMAIN|6457287|8|2681657
EOSMAIN|5261424|9|2681658
EOSMAIN|5393927|10|2681659
EOSMAIN|5413942|11|2681660
EOSMAIN|5352268|12|2681661
EOSMAIN|5054743|13|2681662
EOSMAIN|5054758|14|2681663
EOSMAIN|5826678|15|2681664
EOSMAIN|17658211|16|2681665
EOSMAIN|22529237|17|2681666
EOSMAIN|5933664|18|2681667
EOSMAIN|5054803|19|2681668
EOSMAIN|22373424|20|2681669
EOSMAIN|5448188|21|2681670
EOSMAIN|5054726|22|2681671
EOSMAIN|6096537|23|2681672
EOSMAIN|5592312|24|2681673
EOSMAIN|5191815|25|2681674
EOSMAIN|5437483|26|2681675
EOSMAIN|5936061|27|2681676
EOSMAIN|22601644|28|2681677
EOSMAIN|22601618|29|2681678
EOSMAIN|6191764|30|2681679
EOSMAIN|5351509|31|2681680
EOSMAIN|5260655|32|2681681
EOSMAIN|5978358|33|2681682
EOSMAIN|22677723|34|2681683
EOSMAIN|6096856|35|2681684
EOSMAIN|5054773|36|2681685
EOSMAIN|5019405|37|2681686
EOSMAIN|5765581|38|2681687
EOSMAIN|5324262|39|2681688
EOSMAIN|5310921|40|2681689
EOSMAIN|5191849|41|2681690
EOSMAIN|5176124|42|2681691
EOSMAIN|5286304|43|2681692
EOSMAIN|5063393|44|2681693
EOSMAIN|5093748|45|2681694
EOSMAIN|5040073|46|2681695
EOSMAIN|5358976|47|2681696
EOSMAIN|5837903|48|2681697
EOSMAIN|5627561|49|2681698
EOSMAIN|22498348|50|2681699
EOSMAIN|6252810|51|2681700
EOSMAIN|5468012|52|2681701
EOSMAIN|6012783|53|2681702
EOSMAIN|19233469|54|2681703
EOSMAIN|17866989|55|2681704
EOSMAIN|12761327|56|2681705
EOSMAIN|6096877|57|2681706
EOSMAIN|5574712|58|2681707
EOSMAIN|5512684|59|2681708
EOSMAIN|5191895|60|2681709
EOSMAIN|6199959|61|2681710
EOSMAIN|6199914|62|2681711
EOSMAIN|5054788|63|2681712
EOSMAIN|5054693|64|2681713
EOSMAIN|5054676|65|2681714
EOSMAIN|5380262|66|2681715
EOSMAIN|5936118|67|2681716
EOSMAIN|5901533|68|2681717
EOSMAIN|22777536|69|2681718
EOSMAIN|5498591|70|2681719
EOSMAIN|17867393|71|2681720
EOSMAIN|17364449|72|2681721
EOSMAIN|15101181|73|2681722
EOSMAIN|6148788|74|2681723
EOSMAIN|5694769|75|2681724
EOSMAIN|6199936|76|2681725
EOSMAIN|6012803|77|2681726
EOSMAIN|6070856|78|2681727
EOSMAIN|5878787|79|2681728
EOSMAIN|22404958|80|2681729
EOSMAIN|19302997|81|2681730
EOSMAIN|5193408|82|2681731
EOSMAIN|5162082|83|2681732
EOSMAIN|6125201|84|2681733
EOSMAIN|5242156|85|2681734
EOSMAIN|6293250|86|2681735
EOSMAIN|5261388|87|2681736
EOSMAIN|5313110|88|2681737
EOSMAIN|5307488|89|2681738
EOSMAIN|6290019|90|2681739
EOSMAIN|6128471|91|2681740
EOSMAIN|22746614|92|2681741
EOSMAIN|22553561|93|2681742
EOSMAIN|22551794|94|2681743
EOSMAIN|20672495|95|2681744
EOSMAIN|9535734|96|2681745
EOSMAIN|8333913|97|2681746
EOSMAIN|6400213|98|2681747
EOSMAIN|6300036|99|2681748
EOSMAIN|6292995|100|2681749
