EOSMAIN|5589132|4301|2688296
EOSMAIN|5589051|4302|2688297
EOSMAIN|5588968|4303|2688298
EOSMAIN|5588934|4304|2688299
EOSMAIN|5588907|4305|2688300
EOSMAIN|5588878|4306|2688301
EOSMAIN|5588732|4307|2688302
EOSMAIN|5588686|4308|2688303
EOSMAIN|5588661|4309|2688304
EOSMAIN|5588567|4310|2688305
EOSMAIN|5587764|4311|2688306
EOSMAIN|5587595|4312|2688307
EOSMAIN|5587565|4313|2688308
EOSMAIN|5586874|4314|2688309
EOSMAIN|5586105|4315|2688310
EOSMAIN|5585209|4316|2688311
EOSMAIN|5585188|4317|2688312
EOSMAIN|5585127|4318|2688313
EOSMAIN|5585059|4319|2688314
EOSMAIN|5585036|4320|2688315
EOSMAIN|5584959|4321|2688316
EOSMAIN|5584934|4322|2688317
EOSMAIN|5584913|4323|2688318
EOSMAIN|5584892|4324|2688319
EOSMAIN|5584752|4325|2688320
EOSMAIN|5584705|4326|2688321
EOSMAIN|5584484|4327|2688322
EOSMAIN|5579133|4328|2688323
EOSMAIN|5579072|4329|2688324
EOSMAIN|5578698|4330|2688325
EOSMAIN|5578673|4331|2688326
EOSMAIN|5578650|4332|2688327
EOSMAIN|5578608|4333|2688328
EOSMAIN|5578585|4334|2688329
EOSMAIN|5578560|4335|2688330
EOSMAIN|5578524|4336|2688331
EOSMAIN|5578454|4337|2688332
EOSMAIN|5578429|4338|2688333
EOSMAIN|5577648|4339|2688334
EOSMAIN|5577398|4340|2688335
EOSMAIN|5576790|4341|2688336
EOSMAIN|5574275|4342|2688337
EOSMAIN|5573901|4343|2688338
EOSMAIN|5573615|4344|2688339
EOSMAIN|5573569|4345|2688340
EOSMAIN|5573546|4346|2688341
EOSMAIN|5573499|4347|2688342
EOSMAIN|5573476|4348|2688343
EOSMAIN|5573444|4349|2688344
EOSMAIN|5573397|4350|2688345
EOSMAIN|5573339|4351|2688346
EOSMAIN|5573305|4352|2688347
EOSMAIN|5570356|4353|2688348
EOSMAIN|5570144|4354|2688349
EOSMAIN|5570082|4355|2688350
EOSMAIN|5569994|4356|2688351
EOSMAIN|5569969|4357|2688352
EOSMAIN|5569947|4358|2688353
EOSMAIN|5569913|4359|2688354
EOSMAIN|5569877|4360|2688355
EOSMAIN|5569854|4361|2688356
EOSMAIN|5569829|4362|2688357
EOSMAIN|5569806|4363|2688358
EOSMAIN|5568977|4364|2688359
EOSMAIN|5568902|4365|2688360
EOSMAIN|5568865|4366|2688361
EOSMAIN|5568837|4367|2688362
EOSMAIN|5568803|4368|2688363
EOSMAIN|5568679|4369|2688364
EOSMAIN|5568639|4370|2688365
EOSMAIN|5568616|4371|2688366
EOSMAIN|5568574|4372|2688367
EOSMAIN|5568493|4373|2688368
EOSMAIN|5568469|4374|2688369
EOSMAIN|5568442|4375|2688370
EOSMAIN|5568408|4376|2688371
EOSMAIN|5568370|4377|2688372
EOSMAIN|5568347|4378|2688373
EOSMAIN|5568285|4379|2688374
EOSMAIN|5568260|4380|2688375
EOSMAIN|5568235|4381|2688376
EOSMAIN|5568177|4382|2688377
EOSMAIN|5568141|4383|2688378
EOSMAIN|5568016|4384|2688379
EOSMAIN|5566591|4385|2688380
EOSMAIN|5565804|4386|2688381
EOSMAIN|5565710|4387|2688382
EOSMAIN|5565647|4388|2688383
EOSMAIN|5564062|4389|2688384
EOSMAIN|5563604|4390|2688385
EOSMAIN|5562261|4391|2688386
EOSMAIN|5562239|4392|2688387
EOSMAIN|5562216|4393|2688388
EOSMAIN|5562194|4394|2688389
EOSMAIN|5562171|4395|2688390
EOSMAIN|5562137|4396|2688391
EOSMAIN|5559763|4397|2688392
EOSMAIN|5559026|4398|2688393
EOSMAIN|5559005|4399|2688394
EOSMAIN|5558982|4400|2688395
