EOSMAIN|5194361|2301|2686296
EOSMAIN|5194170|2302|2686297
EOSMAIN|5194150|2303|2686298
EOSMAIN|5194131|2304|2686299
EOSMAIN|5194113|2305|2686300
EOSMAIN|5194094|2306|2686301
EOSMAIN|5194076|2307|2686302
EOSMAIN|5194058|2308|2686303
EOSMAIN|5193974|2309|2686304
EOSMAIN|5193925|2310|2686305
EOSMAIN|5193852|2311|2686306
EOSMAIN|5193823|2312|2686307
EOSMAIN|5193779|2313|2686308
EOSMAIN|5193729|2314|2686309
EOSMAIN|5193711|2315|2686310
EOSMAIN|5193693|2316|2686311
EOSMAIN|5193625|2317|2686312
EOSMAIN|5193383|2318|2686313
EOSMAIN|5193297|2319|2686314
EOSMAIN|5193086|2320|2686315
EOSMAIN|5193067|2321|2686316
EOSMAIN|5192932|2322|2686317
EOSMAIN|5192874|2323|2686318
EOSMAIN|5192317|2324|2686319
EOSMAIN|5192172|2325|2686320
EOSMAIN|5192155|2326|2686321
EOSMAIN|5192127|2327|2686322
EOSMAIN|5191696|2328|2686323
EOSMAIN|5191640|2329|2686324
EOSMAIN|5191531|2330|2686325
EOSMAIN|5191516|2331|2686326
EOSMAIN|5191500|2332|2686327
EOSMAIN|5191418|2333|2686328
EOSMAIN|5191389|2334|2686329
EOSMAIN|5191347|2335|2686330
EOSMAIN|5134512|2336|2686331
EOSMAIN|5134494|2337|2686332
EOSMAIN|5134472|2338|2686333
EOSMAIN|5134417|2339|2686334
EOSMAIN|5134384|2340|2686335
EOSMAIN|5134340|2341|2686336
EOSMAIN|5134310|2342|2686337
EOSMAIN|5134281|2343|2686338
EOSMAIN|5134250|2344|2686339
EOSMAIN|5134159|2345|2686340
EOSMAIN|5134130|2346|2686341
EOSMAIN|5134067|2347|2686342
EOSMAIN|5134036|2348|2686343
EOSMAIN|5133981|2349|2686344
EOSMAIN|5133952|2350|2686345
EOSMAIN|5133935|2351|2686346
EOSMAIN|5133810|2352|2686347
EOSMAIN|5133754|2353|2686348
EOSMAIN|5133620|2354|2686349
EOSMAIN|5094675|2355|2686350
EOSMAIN|5094594|2356|2686351
EOSMAIN|5094486|2357|2686352
EOSMAIN|5094413|2358|2686353
EOSMAIN|5094354|2359|2686354
EOSMAIN|5094231|2360|2686355
EOSMAIN|5094083|2361|2686356
EOSMAIN|5093873|2362|2686357
EOSMAIN|5065004|2363|2686358
EOSMAIN|5064988|2364|2686359
EOSMAIN|5064934|2365|2686360
EOSMAIN|5064826|2366|2686361
EOSMAIN|5064810|2367|2686362
EOSMAIN|5064749|2368|2686363
EOSMAIN|5064676|2369|2686364
EOSMAIN|5064588|2370|2686365
EOSMAIN|5064539|2371|2686366
EOSMAIN|5064442|2372|2686367
EOSMAIN|5064381|2373|2686368
EOSMAIN|5064239|2374|2686369
EOSMAIN|5064183|2375|2686370
EOSMAIN|5064047|2376|2686371
EOSMAIN|5063888|2377|2686372
EOSMAIN|5063679|2378|2686373
EOSMAIN|5063572|2379|2686374
EOSMAIN|5063449|2380|2686375
EOSMAIN|5063201|2381|2686376
EOSMAIN|5062435|2382|2686377
EOSMAIN|5062221|2383|2686378
EOSMAIN|5062154|2384|2686379
EOSMAIN|5061533|2385|2686380
EOSMAIN|5061192|2386|2686381
EOSMAIN|5061144|2387|2686382
EOSMAIN|5060363|2388|2686383
EOSMAIN|5060326|2389|2686384
EOSMAIN|5060231|2390|2686385
EOSMAIN|5060091|2391|2686386
EOSMAIN|5060021|2392|2686387
EOSMAIN|5059801|2393|2686388
EOSMAIN|5059699|2394|2686389
EOSMAIN|5059655|2395|2686390
EOSMAIN|5059546|2396|2686391
EOSMAIN|5059343|2397|2686392
EOSMAIN|5059312|2398|2686393
EOSMAIN|5059151|2399|2686394
EOSMAIN|5059073|2400|2686395
