EOSMAIN|6048584|101|2681751
EOSMAIN|5993842|102|2681752
EOSMAIN|5739361|103|2681753
EOSMAIN|5733268|104|2681754
EOSMAIN|5394513|105|2681755
EOSMAIN|5215058|106|2681756
EOSMAIN|5176197|107|2681757
EOSMAIN|5670645|108|2681758
EOSMAIN|6045485|109|2681759
EOSMAIN|5093704|110|2681760
EOSMAIN|6292407|111|2681761
EOSMAIN|5878804|112|2681762
EOSMAIN|5779368|113|2681763
EOSMAIN|5779350|114|2681764
EOSMAIN|5779223|115|2681765
EOSMAIN|5779241|116|2681766
EOSMAIN|5779259|117|2681767
EOSMAIN|5779278|118|2681768
EOSMAIN|5779296|119|2681769
EOSMAIN|5779314|120|2681770
EOSMAIN|5779332|121|2681771
EOSMAIN|5600577|122|2681772
EOSMAIN|6299882|123|2681773
EOSMAIN|6215160|124|2681774
EOSMAIN|6096946|125|2681775
EOSMAIN|6070877|126|2681776
EOSMAIN|6048074|127|2681777
EOSMAIN|5901499|128|2681778
EOSMAIN|22774654|129|2681779
EOSMAIN|22553365|130|2681780
EOSMAIN|22736574|131|2681781
EOSMAIN|22685681|132|2681782
EOSMAIN|22405946|133|2681783
EOSMAIN|19150382|134|2681784
EOSMAIN|17865214|135|2681785
EOSMAIN|8333400|136|2681786
EOSMAIN|6355105|137|2681787
EOSMAIN|6290406|138|2681788
EOSMAIN|6286234|139|2681789
EOSMAIN|6285484|140|2681790
EOSMAIN|6083522|141|2681791
EOSMAIN|6058391|142|2681792
EOSMAIN|6046247|143|2681793
EOSMAIN|5785724|144|2681794
EOSMAIN|5760922|145|2681795
EOSMAIN|5379106|146|2681796
EOSMAIN|5352245|147|2681797
EOSMAIN|5298060|148|2681798
EOSMAIN|6207613|149|2681799
EOSMAIN|6194700|150|2681800
EOSMAIN|6125178|151|2681801
EOSMAIN|6028947|152|2681802
EOSMAIN|5978454|153|2681803
EOSMAIN|5496269|154|2681804
EOSMAIN|6035184|155|2681805
EOSMAIN|5599396|156|2681806
EOSMAIN|5533412|157|2681807
EOSMAIN|22709729|158|2681808
EOSMAIN|22634083|159|2681809
EOSMAIN|22601598|160|2681810
EOSMAIN|22545141|161|2681811
EOSMAIN|22397773|162|2681812
EOSMAIN|22234290|163|2681813
EOSMAIN|17833457|164|2681814
EOSMAIN|17764095|165|2681815
EOSMAIN|17719425|166|2681816
EOSMAIN|17719283|167|2681817
EOSMAIN|6302873|168|2681818
EOSMAIN|6048022|169|2681819
EOSMAIN|5959250|170|2681820
EOSMAIN|5900179|171|2681821
EOSMAIN|5774834|172|2681822
EOSMAIN|5721257|173|2681823
EOSMAIN|5609864|174|2681824
EOSMAIN|5474188|175|2681825
EOSMAIN|5191832|176|2681826
EOSMAIN|5176166|177|2681827
EOSMAIN|5176139|178|2681828
EOSMAIN|5064659|179|2681829
EOSMAIN|5041048|180|2681830
EOSMAIN|22819164|181|2681831
EOSMAIN|5133676|182|2681832
EOSMAIN|6048271|183|2681833
EOSMAIN|5936098|184|2681834
EOSMAIN|6109495|185|2681835
EOSMAIN|5826694|186|2681836
EOSMAIN|6290001|187|2681837
EOSMAIN|6160576|188|2681838
EOSMAIN|5018458|189|2681839
EOSMAIN|22736726|190|2681840
EOSMAIN|5133709|191|2681841
EOSMAIN|22678763|192|2681842
EOSMAIN|22545170|193|2681843
EOSMAIN|22542380|194|2681844
EOSMAIN|17867098|195|2681845
EOSMAIN|17551202|196|2681846
EOSMAIN|14000850|197|2681847
EOSMAIN|8333951|198|2681848
EOSMAIN|6398824|199|2681849
EOSMAIN|6397516|200|2681850
