EOSMAIN|6386409|201|2682719
EOSMAIN|6292706|202|2682720
EOSMAIN|6286549|203|2682721
EOSMAIN|6217611|204|2682722
EOSMAIN|6140801|205|2682723
EOSMAIN|6096697|206|2682724
EOSMAIN|6096627|207|2682725
EOSMAIN|6083480|208|2682726
EOSMAIN|6050715|209|2682727
EOSMAIN|6046321|210|2682728
EOSMAIN|6010775|211|2682729
EOSMAIN|5895347|212|2682730
EOSMAIN|5875867|213|2682731
EOSMAIN|5868017|214|2682732
EOSMAIN|5862731|215|2682733
EOSMAIN|5760891|216|2682734
EOSMAIN|5742616|217|2682735
EOSMAIN|5639825|218|2682736
EOSMAIN|5633654|219|2682737
EOSMAIN|5596962|220|2682738
EOSMAIN|5434978|221|2682739
EOSMAIN|5191865|222|2682740
EOSMAIN|5310172|223|2682741
EOSMAIN|6199857|224|2682742
EOSMAIN|6128437|225|2682743
EOSMAIN|5313146|226|2682744
EOSMAIN|5054599|227|2682745
EOSMAIN|6195635|228|2682746
EOSMAIN|5242278|229|2682747
EOSMAIN|5706610|230|2682748
EOSMAIN|6030180|231|2682749
EOSMAIN|5901516|232|2682750
EOSMAIN|5837920|233|2682751
EOSMAIN|6293267|234|2682752
EOSMAIN|5670288|235|2682753
EOSMAIN|6177050|236|2682754
EOSMAIN|6128489|237|2682755
EOSMAIN|6140749|238|2682756
EOSMAIN|6096922|239|2682757
EOSMAIN|6096898|240|2682758
EOSMAIN|6070899|241|2682759
EOSMAIN|5779207|242|2682760
EOSMAIN|5750049|243|2682761
EOSMAIN|5732392|244|2682762
EOSMAIN|5688974|245|2682763
EOSMAIN|5677321|246|2682764
EOSMAIN|5627575|247|2682765
EOSMAIN|5600561|248|2682766
EOSMAIN|5497486|249|2682767
EOSMAIN|5496426|250|2682768
EOSMAIN|5670323|251|2682769
EOSMAIN|5356193|252|2682770
EOSMAIN|5307524|253|2682771
EOSMAIN|5307471|254|2682772
EOSMAIN|5054497|255|2682773
EOSMAIN|6199634|256|2682774
EOSMAIN|6199604|257|2682775
EOSMAIN|6199577|258|2682776
EOSMAIN|5688925|259|2682777
EOSMAIN|22600868|260|2682778
EOSMAIN|22600567|261|2682779
EOSMAIN|22542593|262|2682780
EOSMAIN|22541305|263|2682781
EOSMAIN|22541173|264|2682782
EOSMAIN|22540276|265|2682783
EOSMAIN|22349808|266|2682784
EOSMAIN|20675074|267|2682785
EOSMAIN|20671567|268|2682786
EOSMAIN|19363488|269|2682787
EOSMAIN|19302467|270|2682788
EOSMAIN|17865111|271|2682789
EOSMAIN|17864690|272|2682790
EOSMAIN|17829835|273|2682791
EOSMAIN|17543791|274|2682792
EOSMAIN|6508587|275|2682793
EOSMAIN|6453600|276|2682794
EOSMAIN|6295339|277|2682795
EOSMAIN|6292105|278|2682796
EOSMAIN|6201696|279|2682797
EOSMAIN|6182425|280|2682798
EOSMAIN|6182293|281|2682799
EOSMAIN|6162637|282|2682800
EOSMAIN|6160981|283|2682801
EOSMAIN|6075181|284|2682802
EOSMAIN|6067288|285|2682803
EOSMAIN|6058437|286|2682804
EOSMAIN|6048719|287|2682805
EOSMAIN|6048156|288|2682806
EOSMAIN|6046664|289|2682807
EOSMAIN|6002903|290|2682808
EOSMAIN|5993440|291|2682809
EOSMAIN|5986282|292|2682810
EOSMAIN|5985875|293|2682811
EOSMAIN|5982770|294|2682812
EOSMAIN|5982749|295|2682813
EOSMAIN|5975524|296|2682814
EOSMAIN|5974864|297|2682815
EOSMAIN|5970884|298|2682816
EOSMAIN|5959741|299|2682817
EOSMAIN|5947685|300|2682818
