EOSMAIN|17828851|2701|2686696
EOSMAIN|17828775|2702|2686697
EOSMAIN|17828642|2703|2686698
EOSMAIN|17826349|2704|2686699
EOSMAIN|17823637|2705|2686700
EOSMAIN|17823456|2706|2686701
EOSMAIN|17823227|2707|2686702
EOSMAIN|17822717|2708|2686703
EOSMAIN|17763096|2709|2686704
EOSMAIN|17762107|2710|2686705
EOSMAIN|17760693|2711|2686706
EOSMAIN|17760235|2712|2686707
EOSMAIN|17747899|2713|2686708
EOSMAIN|17746500|2714|2686709
EOSMAIN|17746467|2715|2686710
EOSMAIN|17743344|2716|2686711
EOSMAIN|17743223|2717|2686712
EOSMAIN|17743167|2718|2686713
EOSMAIN|17742013|2719|2686714
EOSMAIN|17697444|2720|2686715
EOSMAIN|17697335|2721|2686716
EOSMAIN|17697196|2722|2686717
EOSMAIN|17697139|2723|2686718
EOSMAIN|17687117|2724|2686719
EOSMAIN|17621733|2725|2686720
EOSMAIN|17553591|2726|2686721
EOSMAIN|17553555|2727|2686722
EOSMAIN|17553528|2728|2686723
EOSMAIN|17552969|2729|2686724
EOSMAIN|17552884|2730|2686725
EOSMAIN|17552725|2731|2686726
EOSMAIN|17552577|2732|2686727
EOSMAIN|17552534|2733|2686728
EOSMAIN|17552413|2734|2686729
EOSMAIN|17552016|2735|2686730
EOSMAIN|17550923|2736|2686731
EOSMAIN|17550269|2737|2686732
EOSMAIN|17549108|2738|2686733
EOSMAIN|17549043|2739|2686734
EOSMAIN|17548125|2740|2686735
EOSMAIN|17547768|2741|2686736
EOSMAIN|17547588|2742|2686737
EOSMAIN|17543279|2743|2686738
EOSMAIN|17543065|2744|2686739
EOSMAIN|17542304|2745|2686740
EOSMAIN|17538686|2746|2686741
EOSMAIN|17538380|2747|2686742
EOSMAIN|17538053|2748|2686743
EOSMAIN|17535674|2749|2686744
EOSMAIN|17488256|2750|2686745
EOSMAIN|17486481|2751|2686746
EOSMAIN|17468357|2752|2686747
EOSMAIN|17440106|2753|2686748
EOSMAIN|17439187|2754|2686749
EOSMAIN|17429784|2755|2686750
EOSMAIN|17312073|2756|2686751
EOSMAIN|15108909|2757|2686752
EOSMAIN|15101067|2758|2686753
EOSMAIN|15098809|2759|2686754
EOSMAIN|15094710|2760|2686755
EOSMAIN|14000789|2761|2686756
EOSMAIN|14000755|2762|2686757
EOSMAIN|14000638|2763|2686758
EOSMAIN|12832346|2764|2686759
EOSMAIN|12771876|2765|2686760
EOSMAIN|11702778|2766|2686761
EOSMAIN|11696514|2767|2686762
EOSMAIN|11669274|2768|2686763
EOSMAIN|10593614|2769|2686764
EOSMAIN|9535901|2770|2686765
EOSMAIN|9535517|2771|2686766
EOSMAIN|9533135|2772|2686767
EOSMAIN|9533012|2773|2686768
EOSMAIN|9514332|2774|2686769
EOSMAIN|9511692|2775|2686770
EOSMAIN|9511426|2776|2686771
EOSMAIN|9510889|2777|2686772
EOSMAIN|9510540|2778|2686773
EOSMAIN|9510298|2779|2686774
EOSMAIN|9510265|2780|2686775
EOSMAIN|9510241|2781|2686776
EOSMAIN|9510121|2782|2686777
EOSMAIN|9507873|2783|2686778
EOSMAIN|9504811|2784|2686779
EOSMAIN|9504637|2785|2686780
EOSMAIN|9497716|2786|2686781
EOSMAIN|9497579|2787|2686782
EOSMAIN|9496463|2788|2686783
EOSMAIN|9480160|2789|2686784
EOSMAIN|8359230|2790|2686785
EOSMAIN|6517527|2791|2686786
EOSMAIN|6506625|2792|2686787
EOSMAIN|6506529|2793|2686788
EOSMAIN|6505027|2794|2686789
EOSMAIN|6504978|2795|2686790
EOSMAIN|6504733|2796|2686791
EOSMAIN|6504589|2797|2686792
EOSMAIN|6504357|2798|2686793
EOSMAIN|6504168|2799|2686794
EOSMAIN|6502776|2800|2686795
