EOSMAIN|6302811|3101|2687096
EOSMAIN|6302729|3102|2687097
EOSMAIN|6302698|3103|2687098
EOSMAIN|6300134|3104|2687099
EOSMAIN|6300056|3105|2687100
EOSMAIN|6299902|3106|2687101
EOSMAIN|6298155|3107|2687102
EOSMAIN|6295964|3108|2687103
EOSMAIN|6295823|3109|2687104
EOSMAIN|6295419|3110|2687105
EOSMAIN|6295067|3111|2687106
EOSMAIN|6295021|3112|2687107
EOSMAIN|6294705|3113|2687108
EOSMAIN|6294652|3114|2687109
EOSMAIN|6292129|3115|2687110
EOSMAIN|6292070|3116|2687111
EOSMAIN|6292000|3117|2687112
EOSMAIN|6291941|3118|2687113
EOSMAIN|6291919|3119|2687114
EOSMAIN|6291131|3120|2687115
EOSMAIN|6290526|3121|2687116
EOSMAIN|6290504|3122|2687117
EOSMAIN|6290471|3123|2687118
EOSMAIN|6290449|3124|2687119
EOSMAIN|6289047|3125|2687120
EOSMAIN|6288999|3126|2687121
EOSMAIN|6288962|3127|2687122
EOSMAIN|6288855|3128|2687123
EOSMAIN|6286740|3129|2687124
EOSMAIN|6286635|3130|2687125
EOSMAIN|6286580|3131|2687126
EOSMAIN|6286479|3132|2687127
EOSMAIN|6286431|3133|2687128
EOSMAIN|6286368|3134|2687129
EOSMAIN|6286164|3135|2687130
EOSMAIN|6281292|3136|2687131
EOSMAIN|6279098|3137|2687132
EOSMAIN|6271888|3138|2687133
EOSMAIN|6271814|3139|2687134
EOSMAIN|6268659|3140|2687135
EOSMAIN|6268610|3141|2687136
EOSMAIN|6265487|3142|2687137
EOSMAIN|6265413|3143|2687138
EOSMAIN|6265283|3144|2687139
EOSMAIN|6265210|3145|2687140
EOSMAIN|6265074|3146|2687141
EOSMAIN|6265039|3147|2687142
EOSMAIN|6264983|3148|2687143
EOSMAIN|6264963|3149|2687144
EOSMAIN|6264581|3150|2687145
EOSMAIN|6264509|3151|2687146
EOSMAIN|6264487|3152|2687147
EOSMAIN|6264431|3153|2687148
EOSMAIN|6264409|3154|2687149
EOSMAIN|6264350|3155|2687150
EOSMAIN|6262939|3156|2687151
EOSMAIN|6260127|3157|2687152
EOSMAIN|6260107|3158|2687153
EOSMAIN|6256921|3159|2687154
EOSMAIN|6249793|3160|2687155
EOSMAIN|6248638|3161|2687156
EOSMAIN|6245830|3162|2687157
EOSMAIN|6245796|3163|2687158
EOSMAIN|6245762|3164|2687159
EOSMAIN|6245038|3165|2687160
EOSMAIN|6243369|3166|2687161
EOSMAIN|6243328|3167|2687162
EOSMAIN|6243308|3168|2687163
EOSMAIN|6232992|3169|2687164
EOSMAIN|6231477|3170|2687165
EOSMAIN|6223882|3171|2687166
EOSMAIN|6220437|3172|2687167
EOSMAIN|6220417|3173|2687168
EOSMAIN|6220386|3174|2687169
EOSMAIN|6220338|3175|2687170
EOSMAIN|6220040|3176|2687171
EOSMAIN|6217676|3177|2687172
EOSMAIN|6217645|3178|2687173
EOSMAIN|6216832|3179|2687174
EOSMAIN|6215612|3180|2687175
EOSMAIN|6215302|3181|2687176
EOSMAIN|6215258|3182|2687177
EOSMAIN|6215202|3183|2687178
EOSMAIN|6214623|3184|2687179
EOSMAIN|6214583|3185|2687180
EOSMAIN|6214541|3186|2687181
EOSMAIN|6214478|3187|2687182
EOSMAIN|6214437|3188|2687183
EOSMAIN|6214390|3189|2687184
EOSMAIN|6214369|3190|2687185
EOSMAIN|6213836|3191|2687186
EOSMAIN|6211172|3192|2687187
EOSMAIN|6210634|3193|2687188
EOSMAIN|6210570|3194|2687189
EOSMAIN|6210519|3195|2687190
EOSMAIN|6207959|3196|2687191
EOSMAIN|6207923|3197|2687192
EOSMAIN|6207905|3198|2687193
EOSMAIN|6207840|3199|2687194
EOSMAIN|6207807|3200|2687195
