EOSMAIN|5316021|2201|2686196
EOSMAIN|5315948|2202|2686197
EOSMAIN|5315930|2203|2686198
EOSMAIN|5315850|2204|2686199
EOSMAIN|5315832|2205|2686200
EOSMAIN|5315785|2206|2686201
EOSMAIN|5315631|2207|2686202
EOSMAIN|5315565|2208|2686203
EOSMAIN|5315264|2209|2686204
EOSMAIN|5315014|2210|2686205
EOSMAIN|5314974|2211|2686206
EOSMAIN|5314955|2212|2686207
EOSMAIN|5314925|2213|2686208
EOSMAIN|5314872|2214|2686209
EOSMAIN|5314853|2215|2686210
EOSMAIN|5314821|2216|2686211
EOSMAIN|5314791|2217|2686212
EOSMAIN|5314601|2218|2686213
EOSMAIN|5314545|2219|2686214
EOSMAIN|5314289|2220|2686215
EOSMAIN|5314161|2221|2686216
EOSMAIN|5314108|2222|2686217
EOSMAIN|5314078|2223|2686218
EOSMAIN|5313974|2224|2686219
EOSMAIN|5313774|2225|2686220
EOSMAIN|5313472|2226|2686221
EOSMAIN|5313344|2227|2686222
EOSMAIN|5313270|2228|2686223
EOSMAIN|5313221|2229|2686224
EOSMAIN|5308133|2230|2686225
EOSMAIN|5308013|2231|2686226
EOSMAIN|5307951|2232|2686227
EOSMAIN|5307541|2233|2686228
EOSMAIN|5307345|2234|2686229
EOSMAIN|5304604|2235|2686230
EOSMAIN|5304056|2236|2686231
EOSMAIN|5301436|2237|2686232
EOSMAIN|5290433|2238|2686233
EOSMAIN|5290083|2239|2686234
EOSMAIN|5289508|2240|2686235
EOSMAIN|5288224|2241|2686236
EOSMAIN|5288145|2242|2686237
EOSMAIN|5288115|2243|2686238
EOSMAIN|5287668|2244|2686239
EOSMAIN|5287467|2245|2686240
EOSMAIN|5287437|2246|2686241
EOSMAIN|5287367|2247|2686242
EOSMAIN|5287197|2248|2686243
EOSMAIN|5287101|2249|2686244
EOSMAIN|5286636|2250|2686245
EOSMAIN|5286606|2251|2686246
EOSMAIN|5286498|2252|2686247
EOSMAIN|5286186|2253|2686248
EOSMAIN|5286135|2254|2686249
EOSMAIN|5282451|2255|2686250
EOSMAIN|5274319|2256|2686251
EOSMAIN|5273859|2257|2686252
EOSMAIN|5273442|2258|2686253
EOSMAIN|5267840|2259|2686254
EOSMAIN|5267688|2260|2686255
EOSMAIN|5261465|2261|2686256
EOSMAIN|5261304|2262|2686257
EOSMAIN|5248889|2263|2686258
EOSMAIN|5248824|2264|2686259
EOSMAIN|5248688|2265|2686260
EOSMAIN|5248582|2266|2686261
EOSMAIN|5248274|2267|2686262
EOSMAIN|5246944|2268|2686263
EOSMAIN|5246925|2269|2686264
EOSMAIN|5245269|2270|2686265
EOSMAIN|5242685|2271|2686266
EOSMAIN|5242638|2272|2686267
EOSMAIN|5242562|2273|2686268
EOSMAIN|5242427|2274|2686269
EOSMAIN|5242308|2275|2686270
EOSMAIN|5241888|2276|2686271
EOSMAIN|5241289|2277|2686272
EOSMAIN|5240830|2278|2686273
EOSMAIN|5240203|2279|2686274
EOSMAIN|5240006|2280|2686275
EOSMAIN|5239833|2281|2686276
EOSMAIN|5239496|2282|2686277
EOSMAIN|5239466|2283|2686278
EOSMAIN|5239173|2284|2686279
EOSMAIN|5238759|2285|2686280
EOSMAIN|5238566|2286|2686281
EOSMAIN|5238473|2287|2686282
EOSMAIN|5238229|2288|2686283
EOSMAIN|5237737|2289|2686284
EOSMAIN|5237608|2290|2686285
EOSMAIN|5237415|2291|2686286
EOSMAIN|5236936|2292|2686287
EOSMAIN|5194637|2293|2686288
EOSMAIN|5194620|2294|2686289
EOSMAIN|5194592|2295|2686290
EOSMAIN|5194520|2296|2686291
EOSMAIN|5194475|2297|2686292
EOSMAIN|5194428|2298|2686293
EOSMAIN|5194394|2299|2686294
EOSMAIN|5194378|2300|2686295
