EOSMAIN|6498678|2801|2686796
EOSMAIN|6496066|2802|2686797
EOSMAIN|6496020|2803|2686798
EOSMAIN|6495014|2804|2686799
EOSMAIN|6492982|2805|2686800
EOSMAIN|6491898|2806|2686801
EOSMAIN|6489480|2807|2686802
EOSMAIN|6488925|2808|2686803
EOSMAIN|6488773|2809|2686804
EOSMAIN|6488632|2810|2686805
EOSMAIN|6488431|2811|2686806
EOSMAIN|6485174|2812|2686807
EOSMAIN|6484074|2813|2686808
EOSMAIN|6483231|2814|2686809
EOSMAIN|6474523|2815|2686810
EOSMAIN|6474502|2816|2686811
EOSMAIN|6474304|2817|2686812
EOSMAIN|6474211|2818|2686813
EOSMAIN|6474085|2819|2686814
EOSMAIN|6473812|2820|2686815
EOSMAIN|6473760|2821|2686816
EOSMAIN|6473596|2822|2686817
EOSMAIN|6473258|2823|2686818
EOSMAIN|6468899|2824|2686819
EOSMAIN|6467853|2825|2686820
EOSMAIN|6467818|2826|2686821
EOSMAIN|6467783|2827|2686822
EOSMAIN|6467748|2828|2686823
EOSMAIN|6467702|2829|2686824
EOSMAIN|6467683|2830|2686825
EOSMAIN|6467664|2831|2686826
EOSMAIN|6467645|2832|2686827
EOSMAIN|6467566|2833|2686828
EOSMAIN|6467428|2834|2686829
EOSMAIN|6467391|2835|2686830
EOSMAIN|6467312|2836|2686831
EOSMAIN|6467204|2837|2686832
EOSMAIN|6467180|2838|2686833
EOSMAIN|6463635|2839|2686834
EOSMAIN|6463498|2840|2686835
EOSMAIN|6463377|2841|2686836
EOSMAIN|6463279|2842|2686837
EOSMAIN|6463154|2843|2686838
EOSMAIN|6461521|2844|2686839
EOSMAIN|6460252|2845|2686840
EOSMAIN|6459458|2846|2686841
EOSMAIN|6459301|2847|2686842
EOSMAIN|6459165|2848|2686843
EOSMAIN|6459088|2849|2686844
EOSMAIN|6459042|2850|2686845
EOSMAIN|6453901|2851|2686846
EOSMAIN|6453882|2852|2686847
EOSMAIN|6453863|2853|2686848
EOSMAIN|6453844|2854|2686849
EOSMAIN|6453825|2855|2686850
EOSMAIN|6453770|2856|2686851
EOSMAIN|6453557|2857|2686852
EOSMAIN|6453472|2858|2686853
EOSMAIN|6453159|2859|2686854
EOSMAIN|6453128|2860|2686855
EOSMAIN|6450969|2861|2686856
EOSMAIN|6445176|2862|2686857
EOSMAIN|6444480|2863|2686858
EOSMAIN|6444449|2864|2686859
EOSMAIN|6443469|2865|2686860
EOSMAIN|6441020|2866|2686861
EOSMAIN|6439871|2867|2686862
EOSMAIN|6437541|2868|2686863
EOSMAIN|6437229|2869|2686864
EOSMAIN|6437207|2870|2686865
EOSMAIN|6437014|2871|2686866
EOSMAIN|6436848|2872|2686867
EOSMAIN|6435847|2873|2686868
EOSMAIN|6432293|2874|2686869
EOSMAIN|6432241|2875|2686870
EOSMAIN|6431801|2876|2686871
EOSMAIN|6431326|2877|2686872
EOSMAIN|6431211|2878|2686873
EOSMAIN|6431101|2879|2686874
EOSMAIN|6430878|2880|2686875
EOSMAIN|6430720|2881|2686876
EOSMAIN|6430650|2882|2686877
EOSMAIN|6430513|2883|2686878
EOSMAIN|6429604|2884|2686879
EOSMAIN|6422184|2885|2686880
EOSMAIN|6422048|2886|2686881
EOSMAIN|6422013|2887|2686882
EOSMAIN|6421975|2888|2686883
EOSMAIN|6421642|2889|2686884
EOSMAIN|6421457|2890|2686885
EOSMAIN|6421392|2891|2686886
EOSMAIN|6421344|2892|2686887
EOSMAIN|6421257|2893|2686888
EOSMAIN|6421213|2894|2686889
EOSMAIN|6420058|2895|2686890
EOSMAIN|6419597|2896|2686891
EOSMAIN|6418173|2897|2686892
EOSMAIN|6415982|2898|2686893
EOSMAIN|6415845|2899|2686894
EOSMAIN|6415283|2900|2686895
