EOSMAIN|6354206|501|2684496
EOSMAIN|6353150|502|2684497
EOSMAIN|6343433|503|2684498
EOSMAIN|6305305|504|2684499
EOSMAIN|6288836|505|2684500
EOSMAIN|6286203|506|2684501
EOSMAIN|6285517|507|2684502
EOSMAIN|6268299|508|2684503
EOSMAIN|6264003|509|2684504
EOSMAIN|6214876|510|2684505
EOSMAIN|6183315|511|2684506
EOSMAIN|6180019|512|2684507
EOSMAIN|6179601|513|2684508
EOSMAIN|6179332|514|2684509
EOSMAIN|6178924|515|2684510
EOSMAIN|6178795|516|2684511
EOSMAIN|6163086|517|2684512
EOSMAIN|6160879|518|2684513
EOSMAIN|6140964|519|2684514
EOSMAIN|6140832|520|2684515
EOSMAIN|6116794|521|2684516
EOSMAIN|6107907|522|2684517
EOSMAIN|6083342|523|2684518
EOSMAIN|6077453|524|2684519
EOSMAIN|6074068|525|2684520
EOSMAIN|6060979|526|2684521
EOSMAIN|6058330|527|2684522
EOSMAIN|6050893|528|2684523
EOSMAIN|6046727|529|2684524
EOSMAIN|6045579|530|2684525
EOSMAIN|6045466|531|2684526
EOSMAIN|6004773|532|2684527
EOSMAIN|5989578|533|2684528
EOSMAIN|5975878|534|2684529
EOSMAIN|5975370|535|2684530
EOSMAIN|5963723|536|2684531
EOSMAIN|5963700|537|2684532
EOSMAIN|5958976|538|2684533
EOSMAIN|5947247|539|2684534
EOSMAIN|5917327|540|2684535
EOSMAIN|5910728|541|2684536
EOSMAIN|5886468|542|2684537
EOSMAIN|5886110|543|2684538
EOSMAIN|5875909|544|2684539
EOSMAIN|5833924|545|2684540
EOSMAIN|5792586|546|2684541
EOSMAIN|5786632|547|2684542
EOSMAIN|5754521|548|2684543
EOSMAIN|5740142|549|2684544
EOSMAIN|5715989|550|2684545
EOSMAIN|5703377|551|2684546
EOSMAIN|5686942|552|2684547
EOSMAIN|5679604|553|2684548
EOSMAIN|5630433|554|2684549
EOSMAIN|5609965|555|2684550
EOSMAIN|5598152|556|2684551
EOSMAIN|5577433|557|2684552
EOSMAIN|5573592|558|2684553
EOSMAIN|5565678|559|2684554
EOSMAIN|5559729|560|2684555
EOSMAIN|5557568|561|2684556
EOSMAIN|5552876|562|2684557
EOSMAIN|5529816|563|2684558
EOSMAIN|5461162|564|2684559
EOSMAIN|5456196|565|2684560
EOSMAIN|5442394|566|2684561
EOSMAIN|5428121|567|2684562
EOSMAIN|5403746|568|2684563
EOSMAIN|5398582|569|2684564
EOSMAIN|5327431|570|2684565
EOSMAIN|5310904|571|2684566
EOSMAIN|5301173|572|2684567
EOSMAIN|5273404|573|2684568
EOSMAIN|5267765|574|2684569
EOSMAIN|5245938|575|2684570
EOSMAIN|5193450|576|2684571
EOSMAIN|5105369|577|2684572
EOSMAIN|5041701|578|2684573
EOSMAIN|6117829|579|2684574
EOSMAIN|5054571|580|2684575
EOSMAIN|5084797|581|2684576
EOSMAIN|6018620|582|2684577
EOSMAIN|5498637|583|2684578
EOSMAIN|5497533|584|2684579
EOSMAIN|5496472|585|2684580
EOSMAIN|5599412|586|2684581
EOSMAIN|5019378|587|2684582
EOSMAIN|5054515|588|2684583
EOSMAIN|5054479|589|2684584
EOSMAIN|5054461|590|2684585
EOSMAIN|22736601|591|2684586
EOSMAIN|5454633|592|2684587
EOSMAIN|22732240|593|2684588
EOSMAIN|22660633|594|2684589
EOSMAIN|22660243|595|2684590
EOSMAIN|22638469|596|2684591
EOSMAIN|22588296|597|2684592
EOSMAIN|22575537|598|2684593
EOSMAIN|22542643|599|2684594
EOSMAIN|22542196|600|2684595
