EOSMAIN|22660518|901|2684896
EOSMAIN|22660335|902|2684897
EOSMAIN|22659058|903|2684898
EOSMAIN|22638940|904|2684899
EOSMAIN|22636641|905|2684900
EOSMAIN|22636295|906|2684901
EOSMAIN|22636269|907|2684902
EOSMAIN|22636178|908|2684903
EOSMAIN|22636052|909|2684904
EOSMAIN|22636016|910|2684905
EOSMAIN|22635667|911|2684906
EOSMAIN|22615106|912|2684907
EOSMAIN|22603531|913|2684908
EOSMAIN|22602366|914|2684909
EOSMAIN|22602011|915|2684910
EOSMAIN|22587024|916|2684911
EOSMAIN|22567309|917|2684912
EOSMAIN|22567279|918|2684913
EOSMAIN|22545066|919|2684914
EOSMAIN|22544981|920|2684915
EOSMAIN|22544812|921|2684916
EOSMAIN|22544757|922|2684917
EOSMAIN|22542395|923|2684918
EOSMAIN|22541435|924|2684919
EOSMAIN|22541279|925|2684920
EOSMAIN|22540676|926|2684921
EOSMAIN|22540264|927|2684922
EOSMAIN|22540229|928|2684923
EOSMAIN|22517971|929|2684924
EOSMAIN|22517916|930|2684925
EOSMAIN|22517830|931|2684926
EOSMAIN|22510123|932|2684927
EOSMAIN|22500995|933|2684928
EOSMAIN|22500957|934|2684929
EOSMAIN|22498386|935|2684930
EOSMAIN|22497525|936|2684931
EOSMAIN|22461155|937|2684932
EOSMAIN|22461132|938|2684933
EOSMAIN|22456615|939|2684934
EOSMAIN|22438464|940|2684935
EOSMAIN|22406552|941|2684936
EOSMAIN|22405521|942|2684937
EOSMAIN|22405495|943|2684938
EOSMAIN|22405381|944|2684939
EOSMAIN|22405369|945|2684940
EOSMAIN|22398189|946|2684941
EOSMAIN|22387613|947|2684942
EOSMAIN|22387537|948|2684943
EOSMAIN|22371441|949|2684944
EOSMAIN|22370059|950|2684945
EOSMAIN|22368535|951|2684946
EOSMAIN|22284377|952|2684947
EOSMAIN|22278710|953|2684948
EOSMAIN|22278452|954|2684949
EOSMAIN|22278391|955|2684950
EOSMAIN|22278260|956|2684951
EOSMAIN|22259930|957|2684952
EOSMAIN|22223592|958|2684953
EOSMAIN|22223537|959|2684954
EOSMAIN|22216963|960|2684955
EOSMAIN|22188393|961|2684956
EOSMAIN|22165089|962|2684957
EOSMAIN|22164176|963|2684958
EOSMAIN|20812713|964|2684959
EOSMAIN|20714245|965|2684960
EOSMAIN|20697518|966|2684961
EOSMAIN|20688731|967|2684962
EOSMAIN|20688693|968|2684963
EOSMAIN|20688391|969|2684964
EOSMAIN|20671638|970|2684965
EOSMAIN|20658407|971|2684966
EOSMAIN|20657597|972|2684967
EOSMAIN|19302307|973|2684968
EOSMAIN|19233876|974|2684969
EOSMAIN|19231003|975|2684970
EOSMAIN|19177991|976|2684971
EOSMAIN|19097850|977|2684972
EOSMAIN|17867438|978|2684973
EOSMAIN|17867341|979|2684974
EOSMAIN|17866020|980|2684975
EOSMAIN|17865898|981|2684976
EOSMAIN|17865513|982|2684977
EOSMAIN|17861094|983|2684978
EOSMAIN|17833988|984|2684979
EOSMAIN|17793156|985|2684980
EOSMAIN|17743292|986|2684981
EOSMAIN|17615215|987|2684982
EOSMAIN|17607266|988|2684983
EOSMAIN|17553015|989|2684984
EOSMAIN|17551678|990|2684985
EOSMAIN|17547663|991|2684986
EOSMAIN|17547188|992|2684987
EOSMAIN|17544067|993|2684988
EOSMAIN|17542531|994|2684989
EOSMAIN|17542202|995|2684990
EOSMAIN|17530185|996|2684991
EOSMAIN|17364217|997|2684992
EOSMAIN|17321820|998|2684993
EOSMAIN|14000819|999|2684994
EOSMAIN|13951682|1000|2684995
