EOSMAIN|6207504|3201|2687196
EOSMAIN|6207463|3202|2687197
EOSMAIN|6207003|3203|2687198
EOSMAIN|6206867|3204|2687199
EOSMAIN|6206783|3205|2687200
EOSMAIN|6201972|3206|2687201
EOSMAIN|6201954|3207|2687202
EOSMAIN|6201936|3208|2687203
EOSMAIN|6201894|3209|2687204
EOSMAIN|6201819|3210|2687205
EOSMAIN|6197733|3211|2687206
EOSMAIN|6197351|3212|2687207
EOSMAIN|6193515|3213|2687208
EOSMAIN|6193497|3214|2687209
EOSMAIN|6193481|3215|2687210
EOSMAIN|6193267|3216|2687211
EOSMAIN|6189500|3217|2687212
EOSMAIN|6189445|3218|2687213
EOSMAIN|6189399|3219|2687214
EOSMAIN|6189379|3220|2687215
EOSMAIN|6189277|3221|2687216
EOSMAIN|6185783|3222|2687217
EOSMAIN|6185745|3223|2687218
EOSMAIN|6185565|3224|2687219
EOSMAIN|6185492|3225|2687220
EOSMAIN|6185360|3226|2687221
EOSMAIN|6185326|3227|2687222
EOSMAIN|6185253|3228|2687223
EOSMAIN|6184773|3229|2687224
EOSMAIN|6183534|3230|2687225
EOSMAIN|6183426|3231|2687226
EOSMAIN|6183401|3232|2687227
EOSMAIN|6183175|3233|2687228
EOSMAIN|6182446|3234|2687229
EOSMAIN|6182405|3235|2687230
EOSMAIN|6182372|3236|2687231
EOSMAIN|6182348|3237|2687232
EOSMAIN|6182326|3238|2687233
EOSMAIN|6182271|3239|2687234
EOSMAIN|6182197|3240|2687235
EOSMAIN|6182096|3241|2687236
EOSMAIN|6182074|3242|2687237
EOSMAIN|6182041|3243|2687238
EOSMAIN|6181918|3244|2687239
EOSMAIN|6181704|3245|2687240
EOSMAIN|6181476|3246|2687241
EOSMAIN|6181375|3247|2687242
EOSMAIN|6181309|3248|2687243
EOSMAIN|6181237|3249|2687244
EOSMAIN|6181194|3250|2687245
EOSMAIN|6181162|3251|2687246
EOSMAIN|6181131|3252|2687247
EOSMAIN|6181111|3253|2687248
EOSMAIN|6181010|3254|2687249
EOSMAIN|6180933|3255|2687250
EOSMAIN|6180912|3256|2687251
EOSMAIN|6180877|3257|2687252
EOSMAIN|6180746|3258|2687253
EOSMAIN|6180714|3259|2687254
EOSMAIN|6180177|3260|2687255
EOSMAIN|6180154|3261|2687256
EOSMAIN|6179966|3262|2687257
EOSMAIN|6179904|3263|2687258
EOSMAIN|6179798|3264|2687259
EOSMAIN|6179775|3265|2687260
EOSMAIN|6179685|3266|2687261
EOSMAIN|6179651|3267|2687262
EOSMAIN|6179628|3268|2687263
EOSMAIN|6179499|3269|2687264
EOSMAIN|6179478|3270|2687265
EOSMAIN|6179442|3271|2687266
EOSMAIN|6179400|3272|2687267
EOSMAIN|6178611|3273|2687268
EOSMAIN|6178513|3274|2687269
EOSMAIN|6178248|3275|2687270
EOSMAIN|6178047|3276|2687271
EOSMAIN|6177144|3277|2687272
EOSMAIN|6173335|3278|2687273
EOSMAIN|6172041|3279|2687274
EOSMAIN|6170292|3280|2687275
EOSMAIN|6164542|3281|2687276
EOSMAIN|6164487|3282|2687277
EOSMAIN|6163841|3283|2687278
EOSMAIN|6163144|3284|2687279
EOSMAIN|6161501|3285|2687280
EOSMAIN|6161415|3286|2687281
EOSMAIN|6161357|3287|2687282
EOSMAIN|6160946|3288|2687283
EOSMAIN|6160913|3289|2687284
EOSMAIN|6160748|3290|2687285
EOSMAIN|6160614|3291|2687286
EOSMAIN|6160554|3292|2687287
EOSMAIN|6159641|3293|2687288
EOSMAIN|6159556|3294|2687289
EOSMAIN|6159525|3295|2687290
EOSMAIN|6159469|3296|2687291
EOSMAIN|6159443|3297|2687292
EOSMAIN|6159385|3298|2687293
EOSMAIN|6159256|3299|2687294
EOSMAIN|6159208|3300|2687295
