EOSMAIN|5480399|4601|2688596
EOSMAIN|5480358|4602|2688597
EOSMAIN|5480325|4603|2688598
EOSMAIN|5478442|4604|2688599
EOSMAIN|5477950|4605|2688600
EOSMAIN|5477685|4606|2688601
EOSMAIN|5477655|4607|2688602
EOSMAIN|5477636|4608|2688603
EOSMAIN|5477615|4609|2688604
EOSMAIN|5477596|4610|2688605
EOSMAIN|5477553|4611|2688606
EOSMAIN|5476239|4612|2688607
EOSMAIN|5476210|4613|2688608
EOSMAIN|5476181|4614|2688609
EOSMAIN|5476152|4615|2688610
EOSMAIN|5476123|4616|2688611
EOSMAIN|5476094|4617|2688612
EOSMAIN|5476065|4618|2688613
EOSMAIN|5476036|4619|2688614
EOSMAIN|5476018|4620|2688615
EOSMAIN|5475989|4621|2688616
EOSMAIN|5475853|4622|2688617
EOSMAIN|5474149|4623|2688618
EOSMAIN|5474127|4624|2688619
EOSMAIN|5474107|4625|2688620
EOSMAIN|5474087|4626|2688621
EOSMAIN|5474024|4627|2688622
EOSMAIN|5473947|4628|2688623
EOSMAIN|5473926|4629|2688624
EOSMAIN|5473903|4630|2688625
EOSMAIN|5470731|4631|2688626
EOSMAIN|5470711|4632|2688627
EOSMAIN|5470630|4633|2688628
EOSMAIN|5470595|4634|2688629
EOSMAIN|5470516|4635|2688630
EOSMAIN|5470472|4636|2688631
EOSMAIN|5470387|4637|2688632
EOSMAIN|5470367|4638|2688633
EOSMAIN|5470328|4639|2688634
EOSMAIN|5470263|4640|2688635
EOSMAIN|5470232|4641|2688636
EOSMAIN|5470164|4642|2688637
EOSMAIN|5470103|4643|2688638
EOSMAIN|5470050|4644|2688639
EOSMAIN|5470004|4645|2688640
EOSMAIN|5468206|4646|2688641
EOSMAIN|5465545|4647|2688642
EOSMAIN|5464209|4648|2688643
EOSMAIN|5464132|4649|2688644
EOSMAIN|5464069|4650|2688645
EOSMAIN|5463992|4651|2688646
EOSMAIN|5463957|4652|2688647
EOSMAIN|5463920|4653|2688648
EOSMAIN|5463861|4654|2688649
EOSMAIN|5463839|4655|2688650
EOSMAIN|5461143|4656|2688651
EOSMAIN|5461070|4657|2688652
EOSMAIN|5461012|4658|2688653
EOSMAIN|5460989|4659|2688654
EOSMAIN|5458809|4660|2688655
EOSMAIN|5457631|4661|2688656
EOSMAIN|5457141|4662|2688657
EOSMAIN|5457112|4663|2688658
EOSMAIN|5457083|4664|2688659
EOSMAIN|5457054|4665|2688660
EOSMAIN|5457036|4666|2688661
EOSMAIN|5457004|4667|2688662
EOSMAIN|5456983|4668|2688663
EOSMAIN|5456398|4669|2688664
EOSMAIN|5456150|4670|2688665
EOSMAIN|5456080|4671|2688666
EOSMAIN|5456045|4672|2688667
EOSMAIN|5456023|4673|2688668
EOSMAIN|5456003|4674|2688669
EOSMAIN|5455916|4675|2688670
EOSMAIN|5455894|4676|2688671
EOSMAIN|5455870|4677|2688672
EOSMAIN|5455839|4678|2688673
EOSMAIN|5455817|4679|2688674
EOSMAIN|5455795|4680|2688675
EOSMAIN|5455760|4681|2688676
EOSMAIN|5455716|4682|2688677
EOSMAIN|5455690|4683|2688678
EOSMAIN|5455655|4684|2688679
EOSMAIN|5455635|4685|2688680
EOSMAIN|5455589|4686|2688681
EOSMAIN|5455346|4687|2688682
EOSMAIN|5455328|4688|2688683
EOSMAIN|5454693|4689|2688684
EOSMAIN|5453914|4690|2688685
EOSMAIN|5453893|4691|2688686
EOSMAIN|5453835|4692|2688687
EOSMAIN|5453779|4693|2688688
EOSMAIN|5452995|4694|2688689
EOSMAIN|5450785|4695|2688690
EOSMAIN|5450750|4696|2688691
EOSMAIN|5450722|4697|2688692
EOSMAIN|5450678|4698|2688693
EOSMAIN|5450656|4699|2688694
EOSMAIN|5450610|4700|2688695
