EOSMAIN|6136495|1801|2685796
EOSMAIN|6128655|1802|2685797
EOSMAIN|6128639|1803|2685798
EOSMAIN|6116817|1804|2685799
EOSMAIN|6116670|1805|2685800
EOSMAIN|6116026|1806|2685801
EOSMAIN|6115725|1807|2685802
EOSMAIN|6115401|1808|2685803
EOSMAIN|6114479|1809|2685804
EOSMAIN|6111579|1810|2685805
EOSMAIN|6110320|1811|2685806
EOSMAIN|6109292|1812|2685807
EOSMAIN|6109153|1813|2685808
EOSMAIN|6109008|1814|2685809
EOSMAIN|6108945|1815|2685810
EOSMAIN|6108915|1816|2685811
EOSMAIN|6108702|1817|2685812
EOSMAIN|6108303|1818|2685813
EOSMAIN|6107964|1819|2685814
EOSMAIN|6107802|1820|2685815
EOSMAIN|6107736|1821|2685816
EOSMAIN|6106955|1822|2685817
EOSMAIN|6106898|1823|2685818
EOSMAIN|6106836|1824|2685819
EOSMAIN|6106680|1825|2685820
EOSMAIN|6104133|1826|2685821
EOSMAIN|6103858|1827|2685822
EOSMAIN|6103678|1828|2685823
EOSMAIN|6089567|1829|2685824
EOSMAIN|6083666|1830|2685825
EOSMAIN|6083589|1831|2685826
EOSMAIN|6083434|1832|2685827
EOSMAIN|6083402|1833|2685828
EOSMAIN|6077387|1834|2685829
EOSMAIN|6071915|1835|2685830
EOSMAIN|6071881|1836|2685831
EOSMAIN|6068253|1837|2685832
EOSMAIN|6068217|1838|2685833
EOSMAIN|6060045|1839|2685834
EOSMAIN|6058485|1840|2685835
EOSMAIN|6058251|1841|2685836
EOSMAIN|6057171|1842|2685837
EOSMAIN|6057040|1843|2685838
EOSMAIN|6057004|1844|2685839
EOSMAIN|6056856|1845|2685840
EOSMAIN|6050812|1846|2685841
EOSMAIN|6050757|1847|2685842
EOSMAIN|6047735|1848|2685843
EOSMAIN|6045086|1849|2685844
EOSMAIN|6044859|1850|2685845
EOSMAIN|6044815|1851|2685846
EOSMAIN|6039101|1852|2685847
EOSMAIN|6036281|1853|2685848
EOSMAIN|6033540|1854|2685849
EOSMAIN|6025360|1855|2685850
EOSMAIN|6011015|1856|2685851
EOSMAIN|6010979|1857|2685852
EOSMAIN|6010957|1858|2685853
EOSMAIN|6009509|1859|2685854
EOSMAIN|6009376|1860|2685855
EOSMAIN|6009042|1861|2685856
EOSMAIN|6005182|1862|2685857
EOSMAIN|6004948|1863|2685858
EOSMAIN|6004798|1864|2685859
EOSMAIN|6004379|1865|2685860
EOSMAIN|6003871|1866|2685861
EOSMAIN|5997090|1867|2685862
EOSMAIN|5992859|1868|2685863
EOSMAIN|5987908|1869|2685864
EOSMAIN|5986395|1870|2685865
EOSMAIN|5986040|1871|2685866
EOSMAIN|5983718|1872|2685867
EOSMAIN|5983585|1873|2685868
EOSMAIN|5982141|1874|2685869
EOSMAIN|5979534|1875|2685870
EOSMAIN|5975914|1876|2685871
EOSMAIN|5975849|1877|2685872
EOSMAIN|5974767|1878|2685873
EOSMAIN|5971897|1879|2685874
EOSMAIN|5971867|1880|2685875
EOSMAIN|5969716|1881|2685876
EOSMAIN|5969644|1882|2685877
EOSMAIN|5963797|1883|2685878
EOSMAIN|5963578|1884|2685879
EOSMAIN|5959790|1885|2685880
EOSMAIN|5959760|1886|2685881
EOSMAIN|5959433|1887|2685882
EOSMAIN|5957143|1888|2685883
EOSMAIN|5954268|1889|2685884
EOSMAIN|5954141|1890|2685885
EOSMAIN|5951619|1891|2685886
EOSMAIN|5937226|1892|2685887
EOSMAIN|5937059|1893|2685888
EOSMAIN|5936910|1894|2685889
EOSMAIN|5934553|1895|2685890
EOSMAIN|5934353|1896|2685891
EOSMAIN|5933602|1897|2685892
EOSMAIN|5933424|1898|2685893
EOSMAIN|5932162|1899|2685894
EOSMAIN|5930708|1900|2685895
