EOSMAIN|5709444|4001|2687996
EOSMAIN|5708720|4002|2687997
EOSMAIN|5705223|4003|2687998
EOSMAIN|5703526|4004|2687999
EOSMAIN|5703505|4005|2688000
EOSMAIN|5703458|4006|2688001
EOSMAIN|5703317|4007|2688002
EOSMAIN|5703268|4008|2688003
EOSMAIN|5703133|4009|2688004
EOSMAIN|5702507|4010|2688005
EOSMAIN|5702112|4011|2688006
EOSMAIN|5702065|4012|2688007
EOSMAIN|5702040|4013|2688008
EOSMAIN|5702017|4014|2688009
EOSMAIN|5701968|4015|2688010
EOSMAIN|5701934|4016|2688011
EOSMAIN|5701911|4017|2688012
EOSMAIN|5701877|4018|2688013
EOSMAIN|5701854|4019|2688014
EOSMAIN|5701794|4020|2688015
EOSMAIN|5701758|4021|2688016
EOSMAIN|5701681|4022|2688017
EOSMAIN|5701658|4023|2688018
EOSMAIN|5701611|4024|2688019
EOSMAIN|5701558|4025|2688020
EOSMAIN|5701537|4026|2688021
EOSMAIN|5701516|4027|2688022
EOSMAIN|5695031|4028|2688023
EOSMAIN|5693855|4029|2688024
EOSMAIN|5692455|4030|2688025
EOSMAIN|5692430|4031|2688026
EOSMAIN|5692358|4032|2688027
EOSMAIN|5688569|4033|2688028
EOSMAIN|5688477|4034|2688029
EOSMAIN|5688425|4035|2688030
EOSMAIN|5688404|4036|2688031
EOSMAIN|5688370|4037|2688032
EOSMAIN|5688343|4038|2688033
EOSMAIN|5688270|4039|2688034
EOSMAIN|5688227|4040|2688035
EOSMAIN|5687506|4041|2688036
EOSMAIN|5687129|4042|2688037
EOSMAIN|5687089|4043|2688038
EOSMAIN|5686980|4044|2688039
EOSMAIN|5686882|4045|2688040
EOSMAIN|5685823|4046|2688041
EOSMAIN|5685776|4047|2688042
EOSMAIN|5685443|4048|2688043
EOSMAIN|5685420|4049|2688044
EOSMAIN|5685397|4050|2688045
EOSMAIN|5685374|4051|2688046
EOSMAIN|5685351|4052|2688047
EOSMAIN|5685315|4053|2688048
EOSMAIN|5685288|4054|2688049
EOSMAIN|5685248|4055|2688050
EOSMAIN|5685214|4056|2688051
EOSMAIN|5676949|4057|2688052
EOSMAIN|5676918|4058|2688053
EOSMAIN|5675278|4059|2688054
EOSMAIN|5675255|4060|2688055
EOSMAIN|5675210|4061|2688056
EOSMAIN|5675161|4062|2688057
EOSMAIN|5675127|4063|2688058
EOSMAIN|5675104|4064|2688059
EOSMAIN|5675055|4065|2688060
EOSMAIN|5674995|4066|2688061
EOSMAIN|5674959|4067|2688062
EOSMAIN|5673528|4068|2688063
EOSMAIN|5673252|4069|2688064
EOSMAIN|5673170|4070|2688065
EOSMAIN|5673139|4071|2688066
EOSMAIN|5673093|4072|2688067
EOSMAIN|5671208|4073|2688068
EOSMAIN|5671180|4074|2688069
EOSMAIN|5670864|4075|2688070
EOSMAIN|5667938|4076|2688071
EOSMAIN|5667917|4077|2688072
EOSMAIN|5667872|4078|2688073
EOSMAIN|5667850|4079|2688074
EOSMAIN|5667773|4080|2688075
EOSMAIN|5667724|4081|2688076
EOSMAIN|5666439|4082|2688077
EOSMAIN|5666407|4083|2688078
EOSMAIN|5666384|4084|2688079
EOSMAIN|5666346|4085|2688080
EOSMAIN|5666288|4086|2688081
EOSMAIN|5665790|4087|2688082
EOSMAIN|5665436|4088|2688083
EOSMAIN|5665007|4089|2688084
EOSMAIN|5664909|4090|2688085
EOSMAIN|5664642|4091|2688086
EOSMAIN|5664620|4092|2688087
EOSMAIN|5664600|4093|2688088
EOSMAIN|5664556|4094|2688089
EOSMAIN|5664508|4095|2688090
EOSMAIN|5664463|4096|2688091
EOSMAIN|5664442|4097|2688092
EOSMAIN|5664345|4098|2688093
EOSMAIN|5664244|4099|2688094
EOSMAIN|5664219|4100|2688095
