EOSMAIN|6349930|3001|2686996
EOSMAIN|6349854|3002|2686997
EOSMAIN|6349753|3003|2686998
EOSMAIN|6349718|3004|2686999
EOSMAIN|6344390|3005|2687000
EOSMAIN|6344359|3006|2687001
EOSMAIN|6344338|3007|2687002
EOSMAIN|6344317|3008|2687003
EOSMAIN|6344283|3009|2687004
EOSMAIN|6344241|3010|2687005
EOSMAIN|6344220|3011|2687006
EOSMAIN|6344197|3012|2687007
EOSMAIN|6344176|3013|2687008
EOSMAIN|6344155|3014|2687009
EOSMAIN|6344134|3015|2687010
EOSMAIN|6344113|3016|2687011
EOSMAIN|6344079|3017|2687012
EOSMAIN|6344058|3018|2687013
EOSMAIN|6344023|3019|2687014
EOSMAIN|6343904|3020|2687015
EOSMAIN|6343881|3021|2687016
EOSMAIN|6343588|3022|2687017
EOSMAIN|6343529|3023|2687018
EOSMAIN|6343343|3024|2687019
EOSMAIN|6343287|3025|2687020
EOSMAIN|6343232|3026|2687021
EOSMAIN|6342275|3027|2687022
EOSMAIN|6342163|3028|2687023
EOSMAIN|6342138|3029|2687024
EOSMAIN|6341865|3030|2687025
EOSMAIN|6340287|3031|2687026
EOSMAIN|6340177|3032|2687027
EOSMAIN|6339467|3033|2687028
EOSMAIN|6339430|3034|2687029
EOSMAIN|6339341|3035|2687030
EOSMAIN|6339202|3036|2687031
EOSMAIN|6338712|3037|2687032
EOSMAIN|6338664|3038|2687033
EOSMAIN|6338521|3039|2687034
EOSMAIN|6338486|3040|2687035
EOSMAIN|6338405|3041|2687036
EOSMAIN|6338374|3042|2687037
EOSMAIN|6338343|3043|2687038
EOSMAIN|6338308|3044|2687039
EOSMAIN|6338254|3045|2687040
EOSMAIN|6338202|3046|2687041
EOSMAIN|6335221|3047|2687042
EOSMAIN|6335112|3048|2687043
EOSMAIN|6335076|3049|2687044
EOSMAIN|6334979|3050|2687045
EOSMAIN|6334829|3051|2687046
EOSMAIN|6334716|3052|2687047
EOSMAIN|6334539|3053|2687048
EOSMAIN|6334508|3054|2687049
EOSMAIN|6332908|3055|2687050
EOSMAIN|6332716|3056|2687051
EOSMAIN|6332640|3057|2687052
EOSMAIN|6332492|3058|2687053
EOSMAIN|6332355|3059|2687054
EOSMAIN|6332277|3060|2687055
EOSMAIN|6332100|3061|2687056
EOSMAIN|6332028|3062|2687057
EOSMAIN|6331876|3063|2687058
EOSMAIN|6331843|3064|2687059
EOSMAIN|6331777|3065|2687060
EOSMAIN|6328272|3066|2687061
EOSMAIN|6328210|3067|2687062
EOSMAIN|6328146|3068|2687063
EOSMAIN|6328115|3069|2687064
EOSMAIN|6326789|3070|2687065
EOSMAIN|6326687|3071|2687066
EOSMAIN|6326472|3072|2687067
EOSMAIN|6326374|3073|2687068
EOSMAIN|6326339|3074|2687069
EOSMAIN|6326288|3075|2687070
EOSMAIN|6326193|3076|2687071
EOSMAIN|6325898|3077|2687072
EOSMAIN|6325867|3078|2687073
EOSMAIN|6322885|3079|2687074
EOSMAIN|6320362|3080|2687075
EOSMAIN|6320336|3081|2687076
EOSMAIN|6320310|3082|2687077
EOSMAIN|6315317|3083|2687078
EOSMAIN|6310063|3084|2687079
EOSMAIN|6309436|3085|2687080
EOSMAIN|6305411|3086|2687081
EOSMAIN|6305367|3087|2687082
EOSMAIN|6305243|3088|2687083
EOSMAIN|6304358|3089|2687084
EOSMAIN|6303607|3090|2687085
EOSMAIN|6303487|3091|2687086
EOSMAIN|6303437|3092|2687087
EOSMAIN|6303275|3093|2687088
EOSMAIN|6303245|3094|2687089
EOSMAIN|6303214|3095|2687090
EOSMAIN|6303183|3096|2687091
EOSMAIN|6303152|3097|2687092
EOSMAIN|6303060|3098|2687093
EOSMAIN|6303009|3099|2687094
EOSMAIN|6302842|3100|2687095
