EOSMAIN|5665757|2001|2685996
EOSMAIN|5664392|2002|2685997
EOSMAIN|5663930|2003|2685998
EOSMAIN|5661493|2004|2685999
EOSMAIN|5660604|2005|2686000
EOSMAIN|5660452|2006|2686001
EOSMAIN|5660431|2007|2686002
EOSMAIN|5660162|2008|2686003
EOSMAIN|5657225|2009|2686004
EOSMAIN|5657030|2010|2686005
EOSMAIN|5656828|2011|2686006
EOSMAIN|5653499|2012|2686007
EOSMAIN|5651089|2013|2686008
EOSMAIN|5650901|2014|2686009
EOSMAIN|5647472|2015|2686010
EOSMAIN|5641026|2016|2686011
EOSMAIN|5639890|2017|2686012
EOSMAIN|5639868|2018|2686013
EOSMAIN|5633382|2019|2686014
EOSMAIN|5633205|2020|2686015
EOSMAIN|5631023|2021|2686016
EOSMAIN|5630727|2022|2686017
EOSMAIN|5630528|2023|2686018
EOSMAIN|5625821|2024|2686019
EOSMAIN|5625799|2025|2686020
EOSMAIN|5625777|2026|2686021
EOSMAIN|5625751|2027|2686022
EOSMAIN|5625729|2028|2686023
EOSMAIN|5623643|2029|2686024
EOSMAIN|5623609|2030|2686025
EOSMAIN|5623520|2031|2686026
EOSMAIN|5621195|2032|2686027
EOSMAIN|5621117|2033|2686028
EOSMAIN|5616823|2034|2686029
EOSMAIN|5614153|2035|2686030
EOSMAIN|5605429|2036|2686031
EOSMAIN|5604560|2037|2686032
EOSMAIN|5604147|2038|2686033
EOSMAIN|5604102|2039|2686034
EOSMAIN|5603826|2040|2686035
EOSMAIN|5601968|2041|2686036
EOSMAIN|5597992|2042|2686037
EOSMAIN|5597863|2043|2686038
EOSMAIN|5597141|2044|2686039
EOSMAIN|5597101|2045|2686040
EOSMAIN|5592965|2046|2686041
EOSMAIN|5592742|2047|2686042
EOSMAIN|5589002|2048|2686043
EOSMAIN|5588816|2049|2686044
EOSMAIN|5588588|2050|2686045
EOSMAIN|5588042|2051|2686046
EOSMAIN|5587625|2052|2686047
EOSMAIN|5585152|2053|2686048
EOSMAIN|5585093|2054|2686049
EOSMAIN|5584991|2055|2686050
EOSMAIN|5579163|2056|2686051
EOSMAIN|5579103|2057|2686052
EOSMAIN|5578477|2058|2686053
EOSMAIN|5577707|2059|2686054
EOSMAIN|5577523|2060|2686055
EOSMAIN|5577311|2061|2686056
EOSMAIN|5570941|2062|2686057
EOSMAIN|5569488|2063|2686058
EOSMAIN|5568704|2064|2686059
EOSMAIN|5562114|2065|2686060
EOSMAIN|5559331|2066|2686061
EOSMAIN|5557672|2067|2686062
EOSMAIN|5557519|2068|2686063
EOSMAIN|5556973|2069|2686064
EOSMAIN|5556500|2070|2686065
EOSMAIN|5552967|2071|2686066
EOSMAIN|5551658|2072|2686067
EOSMAIN|5551527|2073|2686068
EOSMAIN|5544732|2074|2686069
EOSMAIN|5542452|2075|2686070
EOSMAIN|5542097|2076|2686071
EOSMAIN|5535615|2077|2686072
EOSMAIN|5532609|2078|2686073
EOSMAIN|5532110|2079|2686074
EOSMAIN|5530547|2080|2686075
EOSMAIN|5530487|2081|2686076
EOSMAIN|5530119|2082|2686077
EOSMAIN|5529421|2083|2686078
EOSMAIN|5528730|2084|2686079
EOSMAIN|5528226|2085|2686080
EOSMAIN|5527648|2086|2686081
EOSMAIN|5522134|2087|2686082
EOSMAIN|5515797|2088|2686083
EOSMAIN|5515572|2089|2686084
EOSMAIN|5510476|2090|2686085
EOSMAIN|5510336|2091|2686086
EOSMAIN|5509586|2092|2686087
EOSMAIN|5509362|2093|2686088
EOSMAIN|5509244|2094|2686089
EOSMAIN|5503633|2095|2686090
EOSMAIN|5493173|2096|2686091
EOSMAIN|5492972|2097|2686092
EOSMAIN|5483845|2098|2686093
EOSMAIN|5483622|2099|2686094
EOSMAIN|5482925|2100|2686095
