EOSMAIN|5833083|1201|2685196
EOSMAIN|5830179|1202|2685197
EOSMAIN|5820908|1203|2685198
EOSMAIN|5811786|1204|2685199
EOSMAIN|5805564|1205|2685200
EOSMAIN|5802041|1206|2685201
EOSMAIN|5786613|1207|2685202
EOSMAIN|5772666|1208|2685203
EOSMAIN|5767354|1209|2685204
EOSMAIN|5761018|1210|2685205
EOSMAIN|5754405|1211|2685206
EOSMAIN|5745235|1212|2685207
EOSMAIN|5729683|1213|2685208
EOSMAIN|5717022|1214|2685209
EOSMAIN|5716134|1215|2685210
EOSMAIN|5713938|1216|2685211
EOSMAIN|5713850|1217|2685212
EOSMAIN|5709973|1218|2685213
EOSMAIN|5703193|1219|2685214
EOSMAIN|5702536|1220|2685215
EOSMAIN|5697214|1221|2685216
EOSMAIN|5696809|1222|2685217
EOSMAIN|5687038|1223|2685218
EOSMAIN|5687018|1224|2685219
EOSMAIN|5668972|1225|2685220
EOSMAIN|5668032|1226|2685221
EOSMAIN|5667985|1227|2685222
EOSMAIN|5667827|1228|2685223
EOSMAIN|5664417|1229|2685224
EOSMAIN|5661449|1230|2685225
EOSMAIN|5660716|1231|2685226
EOSMAIN|5651514|1232|2685227
EOSMAIN|5640815|1233|2685228
EOSMAIN|5640396|1234|2685229
EOSMAIN|5635779|1235|2685230
EOSMAIN|5630506|1236|2685231
EOSMAIN|5603717|1237|2685232
EOSMAIN|5598062|1238|2685233
EOSMAIN|5597162|1239|2685234
EOSMAIN|5594156|1240|2685235
EOSMAIN|5592903|1241|2685236
EOSMAIN|5590904|1242|2685237
EOSMAIN|5588710|1243|2685238
EOSMAIN|5588624|1244|2685239
EOSMAIN|5585256|1245|2685240
EOSMAIN|5578629|1246|2685241
EOSMAIN|5577814|1247|2685242
EOSMAIN|5577624|1248|2685243
EOSMAIN|5568529|1249|2685244
EOSMAIN|5564324|1250|2685245
EOSMAIN|5554762|1251|2685246
EOSMAIN|5553102|1252|2685247
EOSMAIN|5552922|1253|2685248
EOSMAIN|5552901|1254|2685249
EOSMAIN|5542810|1255|2685250
EOSMAIN|5542141|1256|2685251
EOSMAIN|5539266|1257|2685252
EOSMAIN|5532142|1258|2685253
EOSMAIN|5532077|1259|2685254
EOSMAIN|5531646|1260|2685255
EOSMAIN|5528812|1261|2685256
EOSMAIN|5528590|1262|2685257
EOSMAIN|5515380|1263|2685258
EOSMAIN|5510431|1264|2685259
EOSMAIN|5510197|1265|2685260
EOSMAIN|5509422|1266|2685261
EOSMAIN|5509328|1267|2685262
EOSMAIN|5507626|1268|2685263
EOSMAIN|5503717|1269|2685264
EOSMAIN|5481261|1270|2685265
EOSMAIN|5481224|1271|2685266
EOSMAIN|5480599|1272|2685267
EOSMAIN|5480377|1273|2685268
EOSMAIN|5474169|1274|2685269
EOSMAIN|5470072|1275|2685270
EOSMAIN|5462743|1276|2685271
EOSMAIN|5456176|1277|2685272
EOSMAIN|5455740|1278|2685273
EOSMAIN|5453734|1279|2685274
EOSMAIN|5453715|1280|2685275
EOSMAIN|5453246|1281|2685276
EOSMAIN|5450577|1282|2685277
EOSMAIN|5442526|1283|2685278
EOSMAIN|5440922|1284|2685279
EOSMAIN|5421972|1285|2685280
EOSMAIN|5410989|1286|2685281
EOSMAIN|5410279|1287|2685282
EOSMAIN|5405401|1288|2685283
EOSMAIN|5396516|1289|2685284
EOSMAIN|5389313|1290|2685285
EOSMAIN|5389283|1291|2685286
EOSMAIN|5389200|1292|2685287
EOSMAIN|5385656|1293|2685288
EOSMAIN|5385535|1294|2685289
EOSMAIN|5383953|1295|2685290
EOSMAIN|5382640|1296|2685291
EOSMAIN|5381409|1297|2685292
EOSMAIN|5374056|1298|2685293
EOSMAIN|5360468|1299|2685294
EOSMAIN|5359803|1300|2685295
