EOSMAIN|5979656|3501|2687496
EOSMAIN|5979620|3502|2687497
EOSMAIN|5979462|3503|2687498
EOSMAIN|5979439|3504|2687499
EOSMAIN|5975171|3505|2687500
EOSMAIN|5974744|3506|2687501
EOSMAIN|5974663|3507|2687502
EOSMAIN|5970702|3508|2687503
EOSMAIN|5969765|3509|2687504
EOSMAIN|5969680|3510|2687505
EOSMAIN|5969612|3511|2687506
EOSMAIN|5969302|3512|2687507
EOSMAIN|5967931|3513|2687508
EOSMAIN|5964951|3514|2687509
EOSMAIN|5963768|3515|2687510
EOSMAIN|5963616|3516|2687511
EOSMAIN|5958923|3517|2687512
EOSMAIN|5958876|3518|2687513
EOSMAIN|5958827|3519|2687514
EOSMAIN|5958007|3520|2687515
EOSMAIN|5957420|3521|2687516
EOSMAIN|5957166|3522|2687517
EOSMAIN|5955927|3523|2687518
EOSMAIN|5955907|3524|2687519
EOSMAIN|5955705|3525|2687520
EOSMAIN|5955675|3526|2687521
EOSMAIN|5955519|3527|2687522
EOSMAIN|5954313|3528|2687523
EOSMAIN|5954243|3529|2687524
EOSMAIN|5954079|3530|2687525
EOSMAIN|5954019|3531|2687526
EOSMAIN|5951843|3532|2687527
EOSMAIN|5951228|3533|2687528
EOSMAIN|5951206|3534|2687529
EOSMAIN|5951184|3535|2687530
EOSMAIN|5950763|3536|2687531
EOSMAIN|5947268|3537|2687532
EOSMAIN|5947148|3538|2687533
EOSMAIN|5937951|3539|2687534
EOSMAIN|5937921|3540|2687535
EOSMAIN|5937104|3541|2687536
EOSMAIN|5934376|3542|2687537
EOSMAIN|5933642|3543|2687538
EOSMAIN|5933504|3544|2687539
EOSMAIN|5933468|3545|2687540
EOSMAIN|5933400|3546|2687541
EOSMAIN|5930949|3547|2687542
EOSMAIN|5930659|3548|2687543
EOSMAIN|5929272|3549|2687544
EOSMAIN|5929253|3550|2687545
EOSMAIN|5928863|3551|2687546
EOSMAIN|5928422|3552|2687547
EOSMAIN|5928400|3553|2687548
EOSMAIN|5928299|3554|2687549
EOSMAIN|5928207|3555|2687550
EOSMAIN|5924747|3556|2687551
EOSMAIN|5922570|3557|2687552
EOSMAIN|5922540|3558|2687553
EOSMAIN|5921237|3559|2687554
EOSMAIN|5921099|3560|2687555
EOSMAIN|5921037|3561|2687556
EOSMAIN|5920990|3562|2687557
EOSMAIN|5920930|3563|2687558
EOSMAIN|5918516|3564|2687559
EOSMAIN|5916830|3565|2687560
EOSMAIN|5916773|3566|2687561
EOSMAIN|5916505|3567|2687562
EOSMAIN|5915924|3568|2687563
EOSMAIN|5915126|3569|2687564
EOSMAIN|5915096|3570|2687565
EOSMAIN|5914414|3571|2687566
EOSMAIN|5914248|3572|2687567
EOSMAIN|5914091|3573|2687568
EOSMAIN|5914002|3574|2687569
EOSMAIN|5913897|3575|2687570
EOSMAIN|5913862|3576|2687571
EOSMAIN|5911634|3577|2687572
EOSMAIN|5911604|3578|2687573
EOSMAIN|5911455|3579|2687574
EOSMAIN|5911397|3580|2687575
EOSMAIN|5911288|3581|2687576
EOSMAIN|5911178|3582|2687577
EOSMAIN|5911141|3583|2687578
EOSMAIN|5911118|3584|2687579
EOSMAIN|5911080|3585|2687580
EOSMAIN|5911054|3586|2687581
EOSMAIN|5911017|3587|2687582
EOSMAIN|5910704|3588|2687583
EOSMAIN|5910680|3589|2687584
EOSMAIN|5910656|3590|2687585
EOSMAIN|5910632|3591|2687586
EOSMAIN|5910609|3592|2687587
EOSMAIN|5910585|3593|2687588
EOSMAIN|5910561|3594|2687589
EOSMAIN|5910537|3595|2687590
EOSMAIN|5910033|3596|2687591
EOSMAIN|5909998|3597|2687592
EOSMAIN|5909971|3598|2687593
EOSMAIN|5909946|3599|2687594
EOSMAIN|5909917|3600|2687595
