EOSMAIN|20740635|3301|2816315
EOSMAIN|20740535|3302|2816316
EOSMAIN|20740383|3303|2816317
EOSMAIN|20739917|3304|2816318
EOSMAIN|20739840|3305|2816319
EOSMAIN|20739802|3306|2816320
EOSMAIN|20739717|3307|2816321
EOSMAIN|20739624|3308|2816322
EOSMAIN|20739511|3309|2816323
EOSMAIN|20737033|3310|2816324
EOSMAIN|20736818|3311|2816325
EOSMAIN|20736570|3312|2816326
EOSMAIN|20736174|3313|2816327
EOSMAIN|20730052|3314|2816328
EOSMAIN|20729830|3315|2816329
EOSMAIN|20729630|3316|2816330
EOSMAIN|20728931|3317|2816331
EOSMAIN|20726408|3318|2816332
EOSMAIN|20726064|3319|2816333
EOSMAIN|20725779|3320|2816334
EOSMAIN|20720841|3321|2816335
EOSMAIN|20720621|3322|2816336
EOSMAIN|20719266|3323|2816337
EOSMAIN|20719229|3324|2816338
EOSMAIN|20698276|3325|2816339
EOSMAIN|20687790|3326|2816340
EOSMAIN|20683599|3327|2816341
EOSMAIN|20681335|3328|2816342
EOSMAIN|20679345|3329|2816343
EOSMAIN|20677192|3330|2816344
EOSMAIN|20667099|3331|2816345
EOSMAIN|20666077|3332|2816346
EOSMAIN|20666047|3333|2816347
EOSMAIN|20663216|3334|2816348
EOSMAIN|19374006|3335|2816349
EOSMAIN|19351264|3336|2816350
EOSMAIN|19312976|3337|2816351
EOSMAIN|19312808|3338|2816352
EOSMAIN|19285577|3339|2816353
EOSMAIN|19224048|3340|2816354
EOSMAIN|19179218|3341|2816355
EOSMAIN|19171760|3342|2816356
EOSMAIN|19171724|3343|2816357
EOSMAIN|19171197|3344|2816358
EOSMAIN|19127999|3345|2816359
EOSMAIN|19106677|3346|2816360
EOSMAIN|19106640|3347|2816361
EOSMAIN|19106234|3348|2816362
EOSMAIN|19105196|3349|2816363
EOSMAIN|19103809|3350|2816364
EOSMAIN|19103786|3351|2816365
EOSMAIN|19103763|3352|2816366
EOSMAIN|19103740|3353|2816367
EOSMAIN|19103717|3354|2816368
EOSMAIN|19103694|3355|2816369
EOSMAIN|19103671|3356|2816370
EOSMAIN|19103645|3357|2816371
EOSMAIN|19103621|3358|2816372
EOSMAIN|19103598|3359|2816373
EOSMAIN|19103574|3360|2816374
EOSMAIN|19103538|3361|2816375
EOSMAIN|19096973|3362|2816376
EOSMAIN|19086394|3363|2816377
EOSMAIN|19086322|3364|2816378
EOSMAIN|19085909|3365|2816379
EOSMAIN|19085811|3366|2816380
EOSMAIN|19085713|3367|2816381
EOSMAIN|19085521|3368|2816382
EOSMAIN|19085378|3369|2816383
EOSMAIN|19085261|3370|2816384
EOSMAIN|19085185|3371|2816385
EOSMAIN|19084755|3372|2816386
EOSMAIN|17838145|3373|2816387
EOSMAIN|17835569|3374|2816388
EOSMAIN|17833361|3375|2816389
EOSMAIN|17813483|3376|2816390
EOSMAIN|17809063|3377|2816391
EOSMAIN|17808974|3378|2816392
EOSMAIN|17743413|3379|2816393
EOSMAIN|17717885|3380|2816394
EOSMAIN|17665575|3381|2816395
EOSMAIN|17647311|3382|2816396
EOSMAIN|17647259|3383|2816397
EOSMAIN|17647237|3384|2816398
EOSMAIN|17647215|3385|2816399
EOSMAIN|17646309|3386|2816400
EOSMAIN|17646253|3387|2816401
EOSMAIN|17646230|3388|2816402
EOSMAIN|17646206|3389|2816403
EOSMAIN|17646182|3390|2816404
EOSMAIN|17646156|3391|2816405
EOSMAIN|17640543|3392|2816406
EOSMAIN|17640503|3393|2816407
EOSMAIN|17620852|3394|2816408
EOSMAIN|17606342|3395|2816409
EOSMAIN|17544203|3396|2816410
EOSMAIN|17539247|3397|2816411
EOSMAIN|17514060|3398|2816412
EOSMAIN|17485774|3399|2816413
EOSMAIN|17470443|3400|2816414
