EOSMAIN|6285484|401|2813415
EOSMAIN|6117096|402|2813416
EOSMAIN|6092063|403|2813417
EOSMAIN|5742616|404|2813418
EOSMAIN|5639825|405|2813419
EOSMAIN|5574712|406|2813420
EOSMAIN|5410166|407|2813421
EOSMAIN|5176166|408|2813422
EOSMAIN|5160852|409|2813423
EOSMAIN|5175663|410|2813424
EOSMAIN|5037782|411|2813425
EOSMAIN|5038015|412|2813426
EOSMAIN|5038042|413|2813427
EOSMAIN|5038096|414|2813428
EOSMAIN|5038150|415|2813429
EOSMAIN|5038193|416|2813430
EOSMAIN|5038248|417|2813431
EOSMAIN|5038388|418|2813432
EOSMAIN|5159662|419|2813433
EOSMAIN|5159677|420|2813434
EOSMAIN|5159733|421|2813435
EOSMAIN|5160082|422|2813436
EOSMAIN|5160233|423|2813437
EOSMAIN|5160294|424|2813438
EOSMAIN|5160501|425|2813439
EOSMAIN|5160620|426|2813440
EOSMAIN|5160639|427|2813441
EOSMAIN|5160966|428|2813442
EOSMAIN|5161384|429|2813443
EOSMAIN|5161723|430|2813444
EOSMAIN|5161823|431|2813445
EOSMAIN|5161837|432|2813446
EOSMAIN|5169886|433|2813447
EOSMAIN|5170036|434|2813448
EOSMAIN|5170414|435|2813449
EOSMAIN|5170637|436|2813450
EOSMAIN|5171044|437|2813451
EOSMAIN|5171277|438|2813452
EOSMAIN|5171655|439|2813453
EOSMAIN|5171686|440|2813454
EOSMAIN|5172655|441|2813455
EOSMAIN|5172904|442|2813456
EOSMAIN|5172953|443|2813457
EOSMAIN|5173119|444|2813458
EOSMAIN|5173200|445|2813459
EOSMAIN|5173721|446|2813460
EOSMAIN|5174120|447|2813461
EOSMAIN|5174228|448|2813462
EOSMAIN|5174369|449|2813463
EOSMAIN|5174672|450|2813464
EOSMAIN|5174873|451|2813465
EOSMAIN|5174955|452|2813466
EOSMAIN|5174982|453|2813467
EOSMAIN|5175009|454|2813468
EOSMAIN|5175036|455|2813469
EOSMAIN|5175107|456|2813470
EOSMAIN|5175134|457|2813471
EOSMAIN|5175242|458|2813472
EOSMAIN|5175620|459|2813473
EOSMAIN|5175774|460|2813474
EOSMAIN|5176080|461|2813475
EOSMAIN|5244974|462|2813476
EOSMAIN|5259079|463|2813477
EOSMAIN|5259095|464|2813478
EOSMAIN|5259110|465|2813479
EOSMAIN|5259125|466|2813480
EOSMAIN|5260399|467|2813481
EOSMAIN|5265038|468|2813482
EOSMAIN|5265089|469|2813483
EOSMAIN|5265109|470|2813484
EOSMAIN|5266481|471|2813485
EOSMAIN|5266530|472|2813486
EOSMAIN|5281359|473|2813487
EOSMAIN|5297150|474|2813488
EOSMAIN|5322293|475|2813489
EOSMAIN|5322265|476|2813490
EOSMAIN|5322338|477|2813491
EOSMAIN|5322355|478|2813492
EOSMAIN|5322400|479|2813493
EOSMAIN|5322417|480|2813494
EOSMAIN|5322432|481|2813495
EOSMAIN|5322526|482|2813496
EOSMAIN|5323490|483|2813497
EOSMAIN|5323669|484|2813498
EOSMAIN|5323696|485|2813499
EOSMAIN|5489892|486|2813500
EOSMAIN|5331844|487|2813501
EOSMAIN|5331872|488|2813502
EOSMAIN|5331788|489|2813503
EOSMAIN|5340442|490|2813504
EOSMAIN|5359023|491|2813505
EOSMAIN|5387904|492|2813506
EOSMAIN|5397564|493|2813507
EOSMAIN|5404419|494|2813508
EOSMAIN|5430121|495|2813509
EOSMAIN|5430878|496|2813510
EOSMAIN|5427314|497|2813511
EOSMAIN|5427334|498|2813512
EOSMAIN|5430899|499|2813513
EOSMAIN|5448252|500|2813514
