EOSMAIN|5550383|2701|2815715
EOSMAIN|5551446|2702|2815716
EOSMAIN|5554601|2703|2815717
EOSMAIN|5554624|2704|2815718
EOSMAIN|5558409|2705|2815719
EOSMAIN|5558430|2706|2815720
EOSMAIN|5559663|2707|2815721
EOSMAIN|5559708|2708|2815722
EOSMAIN|5559784|2709|2815723
EOSMAIN|5564082|2710|2815724
EOSMAIN|5564116|2711|2815725
EOSMAIN|5564165|2712|2815726
EOSMAIN|5564188|2713|2815727
EOSMAIN|5564237|2714|2815728
EOSMAIN|5564282|2715|2815729
EOSMAIN|5567160|2716|2815730
EOSMAIN|5567194|2717|2815731
EOSMAIN|5567241|2718|2815732
EOSMAIN|5567262|2719|2815733
EOSMAIN|5570996|2720|2815734
EOSMAIN|5571028|2721|2815735
EOSMAIN|5571049|2722|2815736
EOSMAIN|5574927|2723|2815737
EOSMAIN|5574950|2724|2815738
EOSMAIN|5574994|2725|2815739
EOSMAIN|5575030|2726|2815740
EOSMAIN|5582591|2727|2815741
EOSMAIN|5582627|2728|2815742
EOSMAIN|5582663|2729|2815743
EOSMAIN|5582697|2730|2815744
EOSMAIN|5590089|2731|2815745
EOSMAIN|5590110|2732|2815746
EOSMAIN|5590130|2733|2815747
EOSMAIN|5590151|2734|2815748
EOSMAIN|5590185|2735|2815749
EOSMAIN|5595467|2736|2815750
EOSMAIN|5595503|2737|2815751
EOSMAIN|5595539|2738|2815752
EOSMAIN|5595575|2739|2815753
EOSMAIN|5595609|2740|2815754
EOSMAIN|5595632|2741|2815755
EOSMAIN|5595672|2742|2815756
EOSMAIN|5599302|2743|2815757
EOSMAIN|5601945|2744|2815758
EOSMAIN|5601968|2745|2815759
EOSMAIN|5606508|2746|2815760
EOSMAIN|5606535|2747|2815761
EOSMAIN|5613758|2748|2815762
EOSMAIN|5613819|2749|2815763
EOSMAIN|5613864|2750|2815764
EOSMAIN|5617255|2751|2815765
EOSMAIN|5621412|2752|2815766
EOSMAIN|5621461|2753|2815767
EOSMAIN|5621484|2754|2815768
EOSMAIN|5624497|2755|2815769
EOSMAIN|5624541|2756|2815770
EOSMAIN|5624564|2757|2815771
EOSMAIN|5624596|2758|2815772
EOSMAIN|5624633|2759|2815773
EOSMAIN|5624656|2760|2815774
EOSMAIN|5624692|2761|2815775
EOSMAIN|5627058|2762|2815776
EOSMAIN|5627092|2763|2815777
EOSMAIN|5627113|2764|2815778
EOSMAIN|5631447|2765|2815779
EOSMAIN|5631510|2766|2815780
EOSMAIN|5631547|2767|2815781
EOSMAIN|5631570|2768|2815782
EOSMAIN|5631595|2769|2815783
EOSMAIN|5631631|2770|2815784
EOSMAIN|5631667|2771|2815785
EOSMAIN|5634755|2772|2815786
EOSMAIN|5634780|2773|2815787
EOSMAIN|5634805|2774|2815788
EOSMAIN|5634841|2775|2815789
EOSMAIN|5639518|2776|2815790
EOSMAIN|5639539|2777|2815791
EOSMAIN|5639575|2778|2815792
EOSMAIN|5639600|2779|2815793
EOSMAIN|5639625|2780|2815794
EOSMAIN|5639663|2781|2815795
EOSMAIN|5639699|2782|2815796
EOSMAIN|5646347|2783|2815797
EOSMAIN|5646379|2784|2815798
EOSMAIN|5646400|2785|2815799
EOSMAIN|5646446|2786|2815800
EOSMAIN|5646494|2787|2815801
EOSMAIN|5646519|2788|2815802
EOSMAIN|5651286|2789|2815803
EOSMAIN|5651307|2790|2815804
EOSMAIN|5651332|2791|2815805
EOSMAIN|5651357|2792|2815806
EOSMAIN|5651378|2793|2815807
EOSMAIN|5654111|2794|2815808
EOSMAIN|5654133|2795|2815809
EOSMAIN|5654193|2796|2815810
EOSMAIN|5654244|2797|2815811
EOSMAIN|5654293|2798|2815812
EOSMAIN|5655647|2799|2815813
EOSMAIN|5662180|2800|2815814
