EOSMAIN|5164914|1101|2814115
EOSMAIN|5164946|1102|2814116
EOSMAIN|5165165|1103|2814117
EOSMAIN|5165201|1104|2814118
EOSMAIN|5165285|1105|2814119
EOSMAIN|5165366|1106|2814120
EOSMAIN|5165572|1107|2814121
EOSMAIN|5165817|1108|2814122
EOSMAIN|5165892|1109|2814123
EOSMAIN|5166168|1110|2814124
EOSMAIN|5166282|1111|2814125
EOSMAIN|5166301|1112|2814126
EOSMAIN|5166353|1113|2814127
EOSMAIN|5166445|1114|2814128
EOSMAIN|5166635|1115|2814129
EOSMAIN|5166853|1116|2814130
EOSMAIN|5166878|1117|2814131
EOSMAIN|5167055|1118|2814132
EOSMAIN|5167192|1119|2814133
EOSMAIN|5167227|1120|2814134
EOSMAIN|5167264|1121|2814135
EOSMAIN|5167439|1122|2814136
EOSMAIN|5167458|1123|2814137
EOSMAIN|5167490|1124|2814138
EOSMAIN|5167737|1125|2814139
EOSMAIN|5167757|1126|2814140
EOSMAIN|5168012|1127|2814141
EOSMAIN|5168119|1128|2814142
EOSMAIN|5168174|1129|2814143
EOSMAIN|5168216|1130|2814144
EOSMAIN|5168301|1131|2814145
EOSMAIN|5168346|1132|2814146
EOSMAIN|5168363|1133|2814147
EOSMAIN|5168641|1134|2814148
EOSMAIN|5168709|1135|2814149
EOSMAIN|5168726|1136|2814150
EOSMAIN|5168743|1137|2814151
EOSMAIN|5169011|1138|2814152
EOSMAIN|5169041|1139|2814153
EOSMAIN|5169374|1140|2814154
EOSMAIN|5169412|1141|2814155
EOSMAIN|5169957|1142|2814156
EOSMAIN|5170146|1143|2814157
EOSMAIN|6241012|1144|2814158
EOSMAIN|5173092|1145|2814159
EOSMAIN|5173173|1146|2814160
EOSMAIN|5173308|1147|2814161
EOSMAIN|5173335|1148|2814162
EOSMAIN|5173423|1149|2814163
EOSMAIN|5173596|1150|2814164
EOSMAIN|5173629|1151|2814165
EOSMAIN|5173818|1152|2814166
EOSMAIN|5173953|1153|2814167
EOSMAIN|5174050|1154|2814168
EOSMAIN|5174174|1155|2814169
EOSMAIN|5174201|1156|2814170
EOSMAIN|5174645|1157|2814171
EOSMAIN|5174814|1158|2814172
EOSMAIN|5174857|1159|2814173
EOSMAIN|5175290|1160|2814174
EOSMAIN|5175318|1161|2814175
EOSMAIN|5175485|1162|2814176
EOSMAIN|5175512|1163|2814177
EOSMAIN|5175566|1164|2814178
EOSMAIN|5175972|1165|2814179
EOSMAIN|5175954|1166|2814180
EOSMAIN|5259759|1167|2814181
EOSMAIN|5260012|1168|2814182
EOSMAIN|5266606|1169|2814183
EOSMAIN|5280785|1170|2814184
EOSMAIN|5282221|1171|2814185
EOSMAIN|5297045|1172|2814186
EOSMAIN|5297303|1173|2814187
EOSMAIN|5323221|1174|2814188
EOSMAIN|5323823|1175|2814189
EOSMAIN|5331191|1176|2814190
EOSMAIN|5331347|1177|2814191
EOSMAIN|5331379|1178|2814192
EOSMAIN|5331485|1179|2814193
EOSMAIN|5332466|1180|2814194
EOSMAIN|5332484|1181|2814195
EOSMAIN|5340311|1182|2814196
EOSMAIN|5397591|1183|2814197
EOSMAIN|5353147|1184|2814198
EOSMAIN|5368077|1185|2814199
EOSMAIN|5372338|1186|2814200
EOSMAIN|5376208|1187|2814201
EOSMAIN|5380586|1188|2814202
EOSMAIN|5393299|1189|2814203
EOSMAIN|5403586|1190|2814204
EOSMAIN|5403556|1191|2814205
EOSMAIN|5403766|1192|2814206
EOSMAIN|5404307|1193|2814207
EOSMAIN|5405723|1194|2814208
EOSMAIN|5424093|1195|2814209
EOSMAIN|5424444|1196|2814210
EOSMAIN|5425968|1197|2814211
EOSMAIN|5432347|1198|2814212
EOSMAIN|5439290|1199|2814213
EOSMAIN|5440856|1200|2814214
