EOSMAIN|5172030|701|2813715
EOSMAIN|5172064|702|2813716
EOSMAIN|5172081|703|2813717
EOSMAIN|5172097|704|2813718
EOSMAIN|5172113|705|2813719
EOSMAIN|5172130|706|2813720
EOSMAIN|5172147|707|2813721
EOSMAIN|5172164|708|2813722
EOSMAIN|5172181|709|2813723
EOSMAIN|5172198|710|2813724
EOSMAIN|5172215|711|2813725
EOSMAIN|5172232|712|2813726
EOSMAIN|5172249|713|2813727
EOSMAIN|5172266|714|2813728
EOSMAIN|5172283|715|2813729
EOSMAIN|5172300|716|2813730
EOSMAIN|5172317|717|2813731
EOSMAIN|5172333|718|2813732
EOSMAIN|5172349|719|2813733
EOSMAIN|5172366|720|2813734
EOSMAIN|5172383|721|2813735
EOSMAIN|5172400|722|2813736
EOSMAIN|5172417|723|2813737
EOSMAIN|5172434|724|2813738
EOSMAIN|5172451|725|2813739
EOSMAIN|5172468|726|2813740
EOSMAIN|5172485|727|2813741
EOSMAIN|5172502|728|2813742
EOSMAIN|5172519|729|2813743
EOSMAIN|5172536|730|2813744
EOSMAIN|5172553|731|2813745
EOSMAIN|5172570|732|2813746
EOSMAIN|5172587|733|2813747
EOSMAIN|5172604|734|2813748
EOSMAIN|5172638|735|2813749
EOSMAIN|5172674|736|2813750
EOSMAIN|5172690|737|2813751
EOSMAIN|5172773|738|2813752
EOSMAIN|5172791|739|2813753
EOSMAIN|5173011|740|2813754
EOSMAIN|5173038|741|2813755
EOSMAIN|5173065|742|2813756
EOSMAIN|5173281|743|2813757
EOSMAIN|5173407|744|2813758
EOSMAIN|5173553|745|2813759
EOSMAIN|5173845|746|2813760
EOSMAIN|5174007|747|2813761
EOSMAIN|5174093|748|2813762
EOSMAIN|5174147|749|2813763
EOSMAIN|5174255|750|2813764
EOSMAIN|5174510|751|2813765
EOSMAIN|5174901|752|2813766
EOSMAIN|5174928|753|2813767
EOSMAIN|5175052|754|2813768
EOSMAIN|5175079|755|2813769
EOSMAIN|5175161|756|2813770
EOSMAIN|5175215|757|2813771
EOSMAIN|5175258|758|2813772
EOSMAIN|5175188|759|2813773
EOSMAIN|5176310|760|2813774
EOSMAIN|5175274|761|2813775
EOSMAIN|5175593|762|2813776
EOSMAIN|5175647|763|2813777
EOSMAIN|5175690|764|2813778
EOSMAIN|5175718|765|2813779
EOSMAIN|5175746|766|2813780
EOSMAIN|5176052|767|2813781
EOSMAIN|5175870|768|2813782
EOSMAIN|5244879|769|2813783
EOSMAIN|5244992|770|2813784
EOSMAIN|5259028|771|2813785
EOSMAIN|5259059|772|2813786
EOSMAIN|5259140|773|2813787
EOSMAIN|5259168|774|2813788
EOSMAIN|5259185|775|2813789
EOSMAIN|5259204|776|2813790
EOSMAIN|5259548|777|2813791
EOSMAIN|5259724|778|2813792
EOSMAIN|5259886|779|2813793
EOSMAIN|5259917|780|2813794
EOSMAIN|5260034|781|2813795
EOSMAIN|5260184|782|2813796
EOSMAIN|5260429|783|2813797
EOSMAIN|5264960|784|2813798
EOSMAIN|5264975|785|2813799
EOSMAIN|5265069|786|2813800
EOSMAIN|5265141|787|2813801
EOSMAIN|5265186|788|2813802
EOSMAIN|5265351|789|2813803
EOSMAIN|5265310|790|2813804
EOSMAIN|5265456|791|2813805
EOSMAIN|5265489|792|2813806
EOSMAIN|5265770|793|2813807
EOSMAIN|5266006|794|2813808
EOSMAIN|5266143|795|2813809
EOSMAIN|5266511|796|2813810
EOSMAIN|5266449|797|2813811
EOSMAIN|5266559|798|2813812
EOSMAIN|5266715|799|2813813
EOSMAIN|5280257|800|2813814
