EOSMAIN|5998081|3101|2816115
EOSMAIN|6008856|3102|2816116
EOSMAIN|6019698|3103|2816117
EOSMAIN|6019749|3104|2816118
EOSMAIN|6019774|3105|2816119
EOSMAIN|6019795|3106|2816120
EOSMAIN|6019816|3107|2816121
EOSMAIN|6019837|3108|2816122
EOSMAIN|6019859|3109|2816123
EOSMAIN|6019947|3110|2816124
EOSMAIN|6019971|3111|2816125
EOSMAIN|6019992|3112|2816126
EOSMAIN|6020016|3113|2816127
EOSMAIN|6020037|3114|2816128
EOSMAIN|6020060|3115|2816129
EOSMAIN|6020139|3116|2816130
EOSMAIN|6020184|3117|2816131
EOSMAIN|6020247|3118|2816132
EOSMAIN|6020284|3119|2816133
EOSMAIN|6020310|3120|2816134
EOSMAIN|6020335|3121|2816135
EOSMAIN|6020396|3122|2816136
EOSMAIN|6020489|3123|2816137
EOSMAIN|6020574|3124|2816138
EOSMAIN|6020597|3125|2816139
EOSMAIN|6020646|3126|2816140
EOSMAIN|6020671|3127|2816141
EOSMAIN|6020991|3128|2816142
EOSMAIN|6021013|3129|2816143
EOSMAIN|6021033|3130|2816144
EOSMAIN|6021064|3131|2816145
EOSMAIN|6021095|3132|2816146
EOSMAIN|6021115|3133|2816147
EOSMAIN|6021146|3134|2816148
EOSMAIN|6021177|3135|2816149
EOSMAIN|6021208|3136|2816150
EOSMAIN|6021239|3137|2816151
EOSMAIN|6021259|3138|2816152
EOSMAIN|6021292|3139|2816153
EOSMAIN|6021312|3140|2816154
EOSMAIN|6021332|3141|2816155
EOSMAIN|6021363|3142|2816156
EOSMAIN|6021383|3143|2816157
EOSMAIN|6021445|3144|2816158
EOSMAIN|6021476|3145|2816159
EOSMAIN|6021507|3146|2816160
EOSMAIN|6021527|3147|2816161
EOSMAIN|6021558|3148|2816162
EOSMAIN|6021589|3149|2816163
EOSMAIN|6021620|3150|2816164
EOSMAIN|6021671|3151|2816165
EOSMAIN|6021702|3152|2816166
EOSMAIN|6021733|3153|2816167
EOSMAIN|6021766|3154|2816168
EOSMAIN|6021786|3155|2816169
EOSMAIN|6021808|3156|2816170
EOSMAIN|6021841|3157|2816171
EOSMAIN|6021872|3158|2816172
EOSMAIN|6021934|3159|2816173
EOSMAIN|6021965|3160|2816174
EOSMAIN|6021996|3161|2816175
EOSMAIN|6022089|3162|2816176
EOSMAIN|6022120|3163|2816177
EOSMAIN|6022151|3164|2816178
EOSMAIN|6022182|3165|2816179
EOSMAIN|6022248|3166|2816180
EOSMAIN|6022343|3167|2816181
EOSMAIN|6022405|3168|2816182
EOSMAIN|6022436|3169|2816183
EOSMAIN|6032949|3170|2816184
EOSMAIN|6033007|3171|2816185
EOSMAIN|6033127|3172|2816186
EOSMAIN|6033213|3173|2816187
EOSMAIN|6033292|3174|2816188
EOSMAIN|6033323|3175|2816189
EOSMAIN|6033416|3176|2816190
EOSMAIN|6033447|3177|2816191
EOSMAIN|6033478|3178|2816192
EOSMAIN|6033509|3179|2816193
EOSMAIN|6053401|3180|2816194
EOSMAIN|6053425|3181|2816195
EOSMAIN|6091909|3182|2816196
EOSMAIN|6364602|3183|2816197
EOSMAIN|6364622|3184|2816198
EOSMAIN|5737220|3185|2816199
EOSMAIN|5400371|3186|2816200
EOSMAIN|20757881|3187|2816201
EOSMAIN|6278811|3188|2816202
EOSMAIN|19103557|3189|2816203
EOSMAIN|5170982|3190|2816204
EOSMAIN|6033271|3191|2816205
EOSMAIN|5578847|3192|2816206
EOSMAIN|6129154|3193|2816207
EOSMAIN|6257732|3194|2816208
EOSMAIN|6287887|3195|2816209
EOSMAIN|6357342|3196|2816210
EOSMAIN|22738944|3197|2816211
EOSMAIN|22708456|3198|2816212
EOSMAIN|22703764|3199|2816213
EOSMAIN|22693851|3200|2816214
