EOSMAIN|6072896|3901|2816915
EOSMAIN|6072859|3902|2816916
EOSMAIN|6072712|3903|2816917
EOSMAIN|6072677|3904|2816918
EOSMAIN|6072647|3905|2816919
EOSMAIN|6072567|3906|2816920
EOSMAIN|6072515|3907|2816921
EOSMAIN|6072449|3908|2816922
EOSMAIN|6072357|3909|2816923
EOSMAIN|6072246|3910|2816924
EOSMAIN|6072185|3911|2816925
EOSMAIN|6072163|3912|2816926
EOSMAIN|6072130|3913|2816927
EOSMAIN|6067129|3914|2816928
EOSMAIN|6064479|3915|2816929
EOSMAIN|6064461|3916|2816930
EOSMAIN|6064386|3917|2816931
EOSMAIN|6064343|3918|2816932
EOSMAIN|6064105|3919|2816933
EOSMAIN|6063971|3920|2816934
EOSMAIN|6054158|3921|2816935
EOSMAIN|6054127|3922|2816936
EOSMAIN|6054077|3923|2816937
EOSMAIN|6054026|3924|2816938
EOSMAIN|6053980|3925|2816939
EOSMAIN|6053908|3926|2816940
EOSMAIN|6053847|3927|2816941
EOSMAIN|6053664|3928|2816942
EOSMAIN|6053640|3929|2816943
EOSMAIN|6053616|3930|2816944
EOSMAIN|6053581|3931|2816945
EOSMAIN|6053529|3932|2816946
EOSMAIN|6053470|3933|2816947
EOSMAIN|6053451|3934|2816948
EOSMAIN|6033637|3935|2816949
EOSMAIN|6033067|3936|2816950
EOSMAIN|6020936|3937|2816951
EOSMAIN|6020903|3938|2816952
EOSMAIN|6011368|3939|2816953
EOSMAIN|6007996|3940|2816954
EOSMAIN|5988841|3941|2816955
EOSMAIN|5980883|3942|2816956
EOSMAIN|5980009|3943|2816957
EOSMAIN|5979534|3944|2816958
EOSMAIN|5969536|3945|2816959
EOSMAIN|5959433|3946|2816960
EOSMAIN|5957336|3947|2816961
EOSMAIN|5940377|3948|2816962
EOSMAIN|5909306|3949|2816963
EOSMAIN|5870702|3950|2816964
EOSMAIN|5870457|3951|2816965
EOSMAIN|5863487|3952|2816966
EOSMAIN|5863453|3953|2816967
EOSMAIN|5860692|3954|2816968
EOSMAIN|5859726|3955|2816969
EOSMAIN|5855842|3956|2816970
EOSMAIN|5842452|3957|2816971
EOSMAIN|5816401|3958|2816972
EOSMAIN|5816279|3959|2816973
EOSMAIN|5816225|3960|2816974
EOSMAIN|5811704|3961|2816975
EOSMAIN|5795102|3962|2816976
EOSMAIN|5792586|3963|2816977
EOSMAIN|5777163|3964|2816978
EOSMAIN|5776158|3965|2816979
EOSMAIN|5776138|3966|2816980
EOSMAIN|5760844|3967|2816981
EOSMAIN|5753443|3968|2816982
EOSMAIN|5749716|3969|2816983
EOSMAIN|5740072|3970|2816984
EOSMAIN|5738613|3971|2816985
EOSMAIN|5709842|3972|2816986
EOSMAIN|5701265|3973|2816987
EOSMAIN|5682497|3974|2816988
EOSMAIN|5668032|3975|2816989
EOSMAIN|5666308|3976|2816990
EOSMAIN|5660115|3977|2816991
EOSMAIN|5637671|3978|2816992
EOSMAIN|5636978|3979|2816993
EOSMAIN|5578822|3980|2816994
EOSMAIN|5569488|3981|2816995
EOSMAIN|5552320|3982|2816996
EOSMAIN|5544732|3983|2816997
EOSMAIN|5524100|3984|2816998
EOSMAIN|5521835|3985|2816999
EOSMAIN|5502510|3986|2817000
EOSMAIN|5478477|3987|2817001
EOSMAIN|5464025|3988|2817002
EOSMAIN|5428181|3989|2817003
EOSMAIN|5423474|3990|2817004
EOSMAIN|5418381|3991|2817005
EOSMAIN|5416308|3992|2817006
EOSMAIN|5416106|3993|2817007
EOSMAIN|5415093|3994|2817008
EOSMAIN|5413137|3995|2817009
EOSMAIN|5397205|3996|2817010
EOSMAIN|5390224|3997|2817011
EOSMAIN|5373553|3998|2817012
EOSMAIN|5360081|3999|2817013
EOSMAIN|5341638|4000|2817014
