EOSMAIN|10613482|1301|2814315
EOSMAIN|10613460|1302|2814316
EOSMAIN|10613438|1303|2814317
EOSMAIN|10613205|1304|2814318
EOSMAIN|10612466|1305|2814319
EOSMAIN|9533556|1306|2814320
EOSMAIN|9487499|1307|2814321
EOSMAIN|9487477|1308|2814322
EOSMAIN|6486304|1309|2814323
EOSMAIN|6486071|1310|2814324
EOSMAIN|6485575|1311|2814325
EOSMAIN|6484491|1312|2814326
EOSMAIN|6476198|1313|2814327
EOSMAIN|6474869|1314|2814328
EOSMAIN|6452780|1315|2814329
EOSMAIN|6452232|1316|2814330
EOSMAIN|6445671|1317|2814331
EOSMAIN|6444205|1318|2814332
EOSMAIN|6422453|1319|2814333
EOSMAIN|6422413|1320|2814334
EOSMAIN|6421163|1321|2814335
EOSMAIN|6419162|1322|2814336
EOSMAIN|6418665|1323|2814337
EOSMAIN|6377459|1324|2814338
EOSMAIN|6377245|1325|2814339
EOSMAIN|6355950|1326|2814340
EOSMAIN|6355737|1327|2814341
EOSMAIN|6324035|1328|2814342
EOSMAIN|6310708|1329|2814343
EOSMAIN|6310401|1330|2814344
EOSMAIN|6310183|1331|2814345
EOSMAIN|6307866|1332|2814346
EOSMAIN|6304901|1333|2814347
EOSMAIN|6304882|1334|2814348
EOSMAIN|6304783|1335|2814349
EOSMAIN|6304493|1336|2814350
EOSMAIN|6304378|1337|2814351
EOSMAIN|6283041|1338|2814352
EOSMAIN|6245017|1339|2814353
EOSMAIN|6241066|1340|2814354
EOSMAIN|6212508|1341|2814355
EOSMAIN|6211136|1342|2814356
EOSMAIN|6211116|1343|2814357
EOSMAIN|6211080|1344|2814358
EOSMAIN|6211060|1345|2814359
EOSMAIN|6172729|1346|2814360
EOSMAIN|6099174|1347|2814361
EOSMAIN|6091806|1348|2814362
EOSMAIN|6091729|1349|2814363
EOSMAIN|6072407|1350|2814364
EOSMAIN|5828852|1351|2814365
EOSMAIN|5819195|1352|2814366
EOSMAIN|5729972|1353|2814367
EOSMAIN|5161218|1354|2814368
EOSMAIN|5750939|1355|2814369
EOSMAIN|5750917|1356|2814370
EOSMAIN|5750884|1357|2814371
EOSMAIN|5169697|1358|2814372
EOSMAIN|5169680|1359|2814373
EOSMAIN|5168869|1360|2814374
EOSMAIN|5036607|1361|2814375
EOSMAIN|5037529|1362|2814376
EOSMAIN|5036636|1363|2814377
EOSMAIN|5036678|1364|2814378
EOSMAIN|5036720|1365|2814379
EOSMAIN|5036748|1366|2814380
EOSMAIN|5036789|1367|2814381
EOSMAIN|5036831|1368|2814382
EOSMAIN|5036873|1369|2814383
EOSMAIN|5036945|1370|2814384
EOSMAIN|5036965|1371|2814385
EOSMAIN|5036994|1372|2814386
EOSMAIN|5037027|1373|2814387
EOSMAIN|5037045|1374|2814388
EOSMAIN|5037063|1375|2814389
EOSMAIN|5037107|1376|2814390
EOSMAIN|5037179|1377|2814391
EOSMAIN|5037199|1378|2814392
EOSMAIN|5037240|1379|2814393
EOSMAIN|5037281|1380|2814394
EOSMAIN|5037312|1381|2814395
EOSMAIN|5037343|1382|2814396
EOSMAIN|5037371|1383|2814397
EOSMAIN|5037417|1384|2814398
EOSMAIN|5037459|1385|2814399
EOSMAIN|5037490|1386|2814400
EOSMAIN|5037546|1387|2814401
EOSMAIN|5038275|1388|2814402
EOSMAIN|5038306|1389|2814403
EOSMAIN|5038335|1390|2814404
EOSMAIN|5038352|1391|2814405
EOSMAIN|5038370|1392|2814406
EOSMAIN|5159838|1393|2814407
EOSMAIN|5160176|1394|2814408
EOSMAIN|5160985|1395|2814409
EOSMAIN|5161079|1396|2814410
EOSMAIN|5161097|1397|2814411
EOSMAIN|5161115|1398|2814412
EOSMAIN|5161276|1399|2814413
EOSMAIN|5161329|1400|2814414
