EOSMAIN|5104914|201|2813215
EOSMAIN|5104893|202|2813216
EOSMAIN|5104850|203|2813217
EOSMAIN|6133341|204|2813218
EOSMAIN|22741201|205|2813219
EOSMAIN|22667684|206|2813220
EOSMAIN|22634083|207|2813221
EOSMAIN|22621607|208|2813222
EOSMAIN|22600868|209|2813223
EOSMAIN|22312780|210|2813224
EOSMAIN|20687470|211|2813225
EOSMAIN|19277698|212|2813226
EOSMAIN|17663539|213|2813227
EOSMAIN|6456440|214|2813228
EOSMAIN|6117773|215|2813229
EOSMAIN|5176139|216|2813230
EOSMAIN|5161401|217|2813231
EOSMAIN|5159779|218|2813232
EOSMAIN|5159691|219|2813233
EOSMAIN|5159962|220|2813234
EOSMAIN|5161580|221|2813235
EOSMAIN|5161809|222|2813236
EOSMAIN|5170068|223|2813237
EOSMAIN|5170265|224|2813238
EOSMAIN|5170684|225|2813239
EOSMAIN|5171231|226|2813240
EOSMAIN|5172888|227|2813241
EOSMAIN|5172920|228|2813242
EOSMAIN|5176197|229|2813243
EOSMAIN|5260274|230|2813244
EOSMAIN|5264945|231|2813245
EOSMAIN|5265203|232|2813246
EOSMAIN|5266403|233|2813247
EOSMAIN|5281870|234|2813248
EOSMAIN|5296390|235|2813249
EOSMAIN|5297129|236|2813250
EOSMAIN|5303860|237|2813251
EOSMAIN|5310091|238|2813252
EOSMAIN|5323593|239|2813253
EOSMAIN|5343968|240|2813254
EOSMAIN|5358992|241|2813255
EOSMAIN|5403746|242|2813256
EOSMAIN|5428121|243|2813257
EOSMAIN|5432333|244|2813258
EOSMAIN|5445556|245|2813259
EOSMAIN|5448423|246|2813260
EOSMAIN|5485568|247|2813261
EOSMAIN|5485582|248|2813262
EOSMAIN|5485596|249|2813263
EOSMAIN|5485610|250|2813264
EOSMAIN|5489235|251|2813265
EOSMAIN|5516442|252|2813266
EOSMAIN|5668591|253|2813267
EOSMAIN|5696831|254|2813268
EOSMAIN|5703598|255|2813269
EOSMAIN|5743609|256|2813270
EOSMAIN|5803689|257|2813271
EOSMAIN|5804017|258|2813272
EOSMAIN|5875321|259|2813273
EOSMAIN|5888386|260|2813274
EOSMAIN|5913507|261|2813275
EOSMAIN|5954544|262|2813276
EOSMAIN|6016008|263|2813277
EOSMAIN|5322544|264|2813278
EOSMAIN|5603008|265|2813279
EOSMAIN|5335947|266|2813280
EOSMAIN|6278832|267|2813281
EOSMAIN|6200580|268|2813282
EOSMAIN|5670690|269|2813283
EOSMAIN|5162017|270|2813284
EOSMAIN|5670662|271|2813285
EOSMAIN|5838513|272|2813286
EOSMAIN|5322480|273|2813287
EOSMAIN|5162115|274|2813288
EOSMAIN|22741869|275|2813289
EOSMAIN|22710147|276|2813290
EOSMAIN|22708440|277|2813291
EOSMAIN|22656405|278|2813292
EOSMAIN|22600824|279|2813293
EOSMAIN|22600790|280|2813294
EOSMAIN|22600567|281|2813295
EOSMAIN|22584447|282|2813296
EOSMAIN|22254998|283|2813297
EOSMAIN|19307639|284|2813298
EOSMAIN|17669417|285|2813299
EOSMAIN|17600613|286|2813300
EOSMAIN|15072822|287|2813301
EOSMAIN|6452871|288|2813302
EOSMAIN|6419513|289|2813303
EOSMAIN|6042118|290|2813304
EOSMAIN|5236236|291|2813305
EOSMAIN|5160832|292|2813306
EOSMAIN|5037577|293|2813307
EOSMAIN|5159648|294|2813308
EOSMAIN|5160195|295|2813309
EOSMAIN|5160370|296|2813310
EOSMAIN|5160389|297|2813311
EOSMAIN|5160554|298|2813312
EOSMAIN|5161028|299|2813313
EOSMAIN|5169741|300|2813314
