EOSMAIN|6485553|3501|2816515
EOSMAIN|6484597|3502|2816516
EOSMAIN|6484561|3503|2816517
EOSMAIN|6484471|3504|2816518
EOSMAIN|6484366|3505|2816519
EOSMAIN|6483002|3506|2816520
EOSMAIN|6476688|3507|2816521
EOSMAIN|6476435|3508|2816522
EOSMAIN|6476295|3509|2816523
EOSMAIN|6476262|3510|2816524
EOSMAIN|6475159|3511|2816525
EOSMAIN|6475140|3512|2816526
EOSMAIN|6474967|3513|2816527
EOSMAIN|6474946|3514|2816528
EOSMAIN|6474924|3515|2816529
EOSMAIN|6474825|3516|2816530
EOSMAIN|6474803|3517|2816531
EOSMAIN|6474782|3518|2816532
EOSMAIN|6474762|3519|2816533
EOSMAIN|6474731|3520|2816534
EOSMAIN|6461212|3521|2816535
EOSMAIN|6456730|3522|2816536
EOSMAIN|6456690|3523|2816537
EOSMAIN|6456613|3524|2816538
EOSMAIN|6456523|3525|2816539
EOSMAIN|6456491|3526|2816540
EOSMAIN|6456221|3527|2816541
EOSMAIN|6456188|3528|2816542
EOSMAIN|6456138|3529|2816543
EOSMAIN|6456090|3530|2816544
EOSMAIN|6456068|3531|2816545
EOSMAIN|6456020|3532|2816546
EOSMAIN|6455982|3533|2816547
EOSMAIN|6455942|3534|2816548
EOSMAIN|6455920|3535|2816549
EOSMAIN|6455886|3536|2816550
EOSMAIN|6455813|3537|2816551
EOSMAIN|6455792|3538|2816552
EOSMAIN|6455739|3539|2816553
EOSMAIN|6452403|3540|2816554
EOSMAIN|6452359|3541|2816555
EOSMAIN|6452340|3542|2816556
EOSMAIN|6452308|3543|2816557
EOSMAIN|6452276|3544|2816558
EOSMAIN|6452193|3545|2816559
EOSMAIN|6445765|3546|2816560
EOSMAIN|6445561|3547|2816561
EOSMAIN|6443516|3548|2816562
EOSMAIN|6443469|3549|2816563
EOSMAIN|6443446|3550|2816564
EOSMAIN|6441115|3551|2816565
EOSMAIN|6441020|3552|2816566
EOSMAIN|6440856|3553|2816567
EOSMAIN|6440553|3554|2816568
EOSMAIN|6440434|3555|2816569
EOSMAIN|6440376|3556|2816570
EOSMAIN|6439871|3557|2816571
EOSMAIN|6439616|3558|2816572
EOSMAIN|6439565|3559|2816573
EOSMAIN|6439545|3560|2816574
EOSMAIN|6439489|3561|2816575
EOSMAIN|6439334|3562|2816576
EOSMAIN|6439263|3563|2816577
EOSMAIN|6439241|3564|2816578
EOSMAIN|6435675|3565|2816579
EOSMAIN|6435622|3566|2816580
EOSMAIN|6435600|3567|2816581
EOSMAIN|6435567|3568|2816582
EOSMAIN|6435545|3569|2816583
EOSMAIN|6435488|3570|2816584
EOSMAIN|6435460|3571|2816585
EOSMAIN|6435403|3572|2816586
EOSMAIN|6431766|3573|2816587
EOSMAIN|6431715|3574|2816588
EOSMAIN|6431636|3575|2816589
EOSMAIN|6425630|3576|2816590
EOSMAIN|6422887|3577|2816591
EOSMAIN|6422865|3578|2816592
EOSMAIN|6422841|3579|2816593
EOSMAIN|6422815|3580|2816594
EOSMAIN|6422771|3581|2816595
EOSMAIN|6422750|3582|2816596
EOSMAIN|6422694|3583|2816597
EOSMAIN|6422528|3584|2816598
EOSMAIN|6422472|3585|2816599
EOSMAIN|6422434|3586|2816600
EOSMAIN|6421142|3587|2816601
EOSMAIN|6421115|3588|2816602
EOSMAIN|6420975|3589|2816603
EOSMAIN|6420954|3590|2816604
EOSMAIN|6420933|3591|2816605
EOSMAIN|6420912|3592|2816606
EOSMAIN|6420889|3593|2816607
EOSMAIN|6420857|3594|2816608
EOSMAIN|6420794|3595|2816609
EOSMAIN|6419289|3596|2816610
EOSMAIN|6419227|3597|2816611
EOSMAIN|6419200|3598|2816612
EOSMAIN|6419137|3599|2816613
EOSMAIN|6419093|3600|2816614
