EOSMAIN|5162341|1401|2814415
EOSMAIN|5162413|1402|2814416
EOSMAIN|5162459|1403|2814417
EOSMAIN|5162480|1404|2814418
EOSMAIN|5162498|1405|2814419
EOSMAIN|5162542|1406|2814420
EOSMAIN|5162571|1407|2814421
EOSMAIN|5162613|1408|2814422
EOSMAIN|5162644|1409|2814423
EOSMAIN|5162661|1410|2814424
EOSMAIN|5162692|1411|2814425
EOSMAIN|5162737|1412|2814426
EOSMAIN|5162765|1413|2814427
EOSMAIN|5162808|1414|2814428
EOSMAIN|5162825|1415|2814429
EOSMAIN|5162874|1416|2814430
EOSMAIN|5162903|1417|2814431
EOSMAIN|5162947|1418|2814432
EOSMAIN|5162966|1419|2814433
EOSMAIN|5163008|1420|2814434
EOSMAIN|5163052|1421|2814435
EOSMAIN|5163093|1422|2814436
EOSMAIN|5163148|1423|2814437
EOSMAIN|5163176|1424|2814438
EOSMAIN|5163231|1425|2814439
EOSMAIN|5163251|1426|2814440
EOSMAIN|5163296|1427|2814441
EOSMAIN|5163338|1428|2814442
EOSMAIN|5163381|1429|2814443
EOSMAIN|5163412|1430|2814444
EOSMAIN|5163429|1431|2814445
EOSMAIN|5163457|1432|2814446
EOSMAIN|5163532|1433|2814447
EOSMAIN|5163590|1434|2814448
EOSMAIN|5163614|1435|2814449
EOSMAIN|5163636|1436|2814450
EOSMAIN|5163658|1437|2814451
EOSMAIN|5163705|1438|2814452
EOSMAIN|5163730|1439|2814453
EOSMAIN|5163753|1440|2814454
EOSMAIN|5163802|1441|2814455
EOSMAIN|5163824|1442|2814456
EOSMAIN|5163854|1443|2814457
EOSMAIN|5163896|1444|2814458
EOSMAIN|5163916|1445|2814459
EOSMAIN|5163981|1446|2814460
EOSMAIN|5164083|1447|2814461
EOSMAIN|5164113|1448|2814462
EOSMAIN|5164161|1449|2814463
EOSMAIN|5164192|1450|2814464
EOSMAIN|5164223|1451|2814465
EOSMAIN|5164252|1452|2814466
EOSMAIN|5164300|1453|2814467
EOSMAIN|5164331|1454|2814468
EOSMAIN|5164368|1455|2814469
EOSMAIN|5164387|1456|2814470
EOSMAIN|5164411|1457|2814471
EOSMAIN|5164429|1458|2814472
EOSMAIN|5164447|1459|2814473
EOSMAIN|5164479|1460|2814474
EOSMAIN|5164510|1461|2814475
EOSMAIN|5164528|1462|2814476
EOSMAIN|5164546|1463|2814477
EOSMAIN|5164606|1464|2814478
EOSMAIN|5164637|1465|2814479
EOSMAIN|5164675|1466|2814480
EOSMAIN|5164704|1467|2814481
EOSMAIN|5164751|1468|2814482
EOSMAIN|5164768|1469|2814483
EOSMAIN|5164877|1470|2814484
EOSMAIN|5164897|1471|2814485
EOSMAIN|5164963|1472|2814486
EOSMAIN|5165006|1473|2814487
EOSMAIN|5165074|1474|2814488
EOSMAIN|5165098|1475|2814489
EOSMAIN|5165116|1476|2814490
EOSMAIN|5165146|1477|2814491
EOSMAIN|5165184|1478|2814492
EOSMAIN|5165234|1479|2814493
EOSMAIN|5165252|1480|2814494
EOSMAIN|5165315|1481|2814495
EOSMAIN|5165346|1482|2814496
EOSMAIN|5165397|1483|2814497
EOSMAIN|5165428|1484|2814498
EOSMAIN|5165445|1485|2814499
EOSMAIN|5165475|1486|2814500
EOSMAIN|5165506|1487|2814501
EOSMAIN|5165550|1488|2814502
EOSMAIN|5165591|1489|2814503
EOSMAIN|5165609|1490|2814504
EOSMAIN|5165627|1491|2814505
EOSMAIN|5165656|1492|2814506
EOSMAIN|5165679|1493|2814507
EOSMAIN|5165699|1494|2814508
EOSMAIN|5165723|1495|2814509
EOSMAIN|5165743|1496|2814510
EOSMAIN|5165797|1497|2814511
EOSMAIN|5165837|1498|2814512
EOSMAIN|5165854|1499|2814513
EOSMAIN|5165872|1500|2814514
