EOSMAIN|10593531|2401|2815415
EOSMAIN|10593510|2402|2815416
EOSMAIN|10593240|2403|2815417
EOSMAIN|10593139|2404|2815418
EOSMAIN|10592451|2405|2815419
EOSMAIN|10592261|2406|2815420
EOSMAIN|9538224|2407|2815421
EOSMAIN|9533012|2408|2815422
EOSMAIN|9514332|2409|2815423
EOSMAIN|9511290|2410|2815424
EOSMAIN|9506979|2411|2815425
EOSMAIN|9502452|2412|2815426
EOSMAIN|9497579|2413|2815427
EOSMAIN|9494800|2414|2815428
EOSMAIN|9443302|2415|2815429
EOSMAIN|8405013|2416|2815430
EOSMAIN|6511856|2417|2815431
EOSMAIN|6509231|2418|2815432
EOSMAIN|6509196|2419|2815433
EOSMAIN|6500527|2420|2815434
EOSMAIN|6500420|2421|2815435
EOSMAIN|6500257|2422|2815436
EOSMAIN|6500206|2423|2815437
EOSMAIN|6500177|2424|2815438
EOSMAIN|6500113|2425|2815439
EOSMAIN|6499238|2426|2815440
EOSMAIN|6499202|2427|2815441
EOSMAIN|6498678|2428|2815442
EOSMAIN|6496402|2429|2815443
EOSMAIN|6484540|2430|2815444
EOSMAIN|6476620|2431|2815445
EOSMAIN|6476570|2432|2815446
EOSMAIN|6476538|2433|2815447
EOSMAIN|6476468|2434|2815448
EOSMAIN|6476216|2435|2815449
EOSMAIN|6475001|2436|2815450
EOSMAIN|6474845|2437|2815451
EOSMAIN|6456346|2438|2815452
EOSMAIN|6456298|2439|2815453
EOSMAIN|6455721|2440|2815454
EOSMAIN|6455703|2441|2815455
EOSMAIN|6452423|2442|2815456
EOSMAIN|6445712|2443|2815457
EOSMAIN|6445692|2444|2815458
EOSMAIN|6445529|2445|2815459
EOSMAIN|6443496|2446|2815460
EOSMAIN|6439688|2447|2815461
EOSMAIN|6435642|2448|2815462
EOSMAIN|6435512|2449|2815463
EOSMAIN|6435425|2450|2815464
EOSMAIN|6435369|2451|2815465
EOSMAIN|6431877|2452|2815466
EOSMAIN|6431857|2453|2815467
EOSMAIN|6431543|2454|2815468
EOSMAIN|6431306|2455|2815469
EOSMAIN|6431286|2456|2815470
EOSMAIN|6422908|2457|2815471
EOSMAIN|6422356|2458|2815472
EOSMAIN|6420836|2459|2815473
EOSMAIN|6420815|2460|2815474
EOSMAIN|6420773|2461|2815475
EOSMAIN|6418954|2462|2815476
EOSMAIN|6418866|2463|2815477
EOSMAIN|6418792|2464|2815478
EOSMAIN|6418582|2465|2815479
EOSMAIN|6418529|2466|2815480
EOSMAIN|6406047|2467|2815481
EOSMAIN|6379051|2468|2815482
EOSMAIN|6378616|2469|2815483
EOSMAIN|6378062|2470|2815484
EOSMAIN|6377676|2471|2815485
EOSMAIN|6377610|2472|2815486
EOSMAIN|6377529|2473|2815487
EOSMAIN|6377432|2474|2815488
EOSMAIN|6377361|2475|2815489
EOSMAIN|6377283|2476|2815490
EOSMAIN|6377198|2477|2815491
EOSMAIN|6376820|2478|2815492
EOSMAIN|6376788|2479|2815493
EOSMAIN|6372570|2480|2815494
EOSMAIN|6372351|2481|2815495
EOSMAIN|6372330|2482|2815496
EOSMAIN|6366371|2483|2815497
EOSMAIN|6366215|2484|2815498
EOSMAIN|6366004|2485|2815499
EOSMAIN|6365933|2486|2815500
EOSMAIN|6365226|2487|2815501
EOSMAIN|6364358|2488|2815502
EOSMAIN|6364286|2489|2815503
EOSMAIN|6361737|2490|2815504
EOSMAIN|6361592|2491|2815505
EOSMAIN|6358993|2492|2815506
EOSMAIN|6358971|2493|2815507
EOSMAIN|6357555|2494|2815508
EOSMAIN|6356405|2495|2815509
EOSMAIN|6356386|2496|2815510
EOSMAIN|6356367|2497|2815511
EOSMAIN|6356349|2498|2815512
EOSMAIN|6356330|2499|2815513
EOSMAIN|6356290|2500|2815514
