EOSMAIN|6372288|2201|2815215
EOSMAIN|6357695|2202|2815216
EOSMAIN|6355910|2203|2815217
EOSMAIN|6352855|2204|2815218
EOSMAIN|6327587|2205|2815219
EOSMAIN|6327511|2206|2815220
EOSMAIN|6319423|2207|2815221
EOSMAIN|6315573|2208|2815222
EOSMAIN|6315517|2209|2815223
EOSMAIN|6315484|2210|2815224
EOSMAIN|6308445|2211|2815225
EOSMAIN|6308011|2212|2815226
EOSMAIN|6307904|2213|2815227
EOSMAIN|6296698|2214|2815228
EOSMAIN|6285517|2215|2815229
EOSMAIN|6274325|2216|2815230
EOSMAIN|6248893|2217|2815231
EOSMAIN|6213316|2218|2815232
EOSMAIN|6213280|2219|2815233
EOSMAIN|6213078|2220|2815234
EOSMAIN|6212550|2221|2815235
EOSMAIN|6211289|2222|2815236
EOSMAIN|6210940|2223|2815237
EOSMAIN|6171688|2224|2815238
EOSMAIN|6140850|2225|2815239
EOSMAIN|6138435|2226|2815240
EOSMAIN|6100004|2227|2815241
EOSMAIN|6099409|2228|2815242
EOSMAIN|6091747|2229|2815243
EOSMAIN|6064497|2230|2815244
EOSMAIN|6063939|2231|2815245
EOSMAIN|6060939|2232|2815246
EOSMAIN|6020956|2233|2815247
EOSMAIN|5997871|2234|2815248
EOSMAIN|5997474|2235|2815249
EOSMAIN|5965282|2236|2815250
EOSMAIN|5904203|2237|2815251
EOSMAIN|5870492|2238|2815252
EOSMAIN|5835846|2239|2815253
EOSMAIN|5788165|2240|2815254
EOSMAIN|5788130|2241|2815255
EOSMAIN|5744915|2242|2815256
EOSMAIN|5713850|2243|2815257
EOSMAIN|5654991|2244|2815258
EOSMAIN|5646555|2245|2815259
EOSMAIN|5592027|2246|2815260
EOSMAIN|5466615|2247|2815261
EOSMAIN|5459494|2248|2815262
EOSMAIN|5457631|2249|2815263
EOSMAIN|5478965|2250|2815264
EOSMAIN|5493280|2251|2815265
EOSMAIN|5493487|2252|2815266
EOSMAIN|5500997|2253|2815267
EOSMAIN|5501056|2254|2815268
EOSMAIN|5520889|2255|2815269
EOSMAIN|5523754|2256|2815270
EOSMAIN|5525762|2257|2815271
EOSMAIN|5532448|2258|2815272
EOSMAIN|5537557|2259|2815273
EOSMAIN|5545149|2260|2815274
EOSMAIN|5546537|2261|2815275
EOSMAIN|5549161|2262|2815276
EOSMAIN|5558464|2263|2815277
EOSMAIN|5564062|2264|2815278
EOSMAIN|5574971|2265|2815279
EOSMAIN|5613783|2266|2815280
EOSMAIN|5654064|2267|2815281
EOSMAIN|5687506|2268|2815282
EOSMAIN|5696687|2269|2815283
EOSMAIN|5729291|2270|2815284
EOSMAIN|5743764|2271|2815285
EOSMAIN|5759253|2272|2815286
EOSMAIN|5767683|2273|2815287
EOSMAIN|5771259|2274|2815288
EOSMAIN|5771348|2275|2815289
EOSMAIN|5805613|2276|2815290
EOSMAIN|5818811|2277|2815291
EOSMAIN|5818874|2278|2815292
EOSMAIN|5826608|2279|2815293
EOSMAIN|5867935|2280|2815294
EOSMAIN|5869893|2281|2815295
EOSMAIN|5870011|2282|2815296
EOSMAIN|5870041|2283|2815297
EOSMAIN|5870071|2284|2815298
EOSMAIN|5908695|2285|2815299
EOSMAIN|5908859|2286|2815300
EOSMAIN|5930187|2287|2815301
EOSMAIN|5931705|2288|2815302
EOSMAIN|5950614|2289|2815303
EOSMAIN|5954717|2290|2815304
EOSMAIN|5954810|2291|2815305
EOSMAIN|5954855|2292|2815306
EOSMAIN|5994592|2293|2815307
EOSMAIN|5994629|2294|2815308
EOSMAIN|5994653|2295|2815309
EOSMAIN|5994994|2296|2815310
EOSMAIN|6072740|2297|2815311
EOSMAIN|5996702|2298|2815312
EOSMAIN|6019022|2299|2815313
EOSMAIN|6021414|2300|2815314
