EOSMAIN|5169560|1601|2814615
EOSMAIN|5169578|1602|2814616
EOSMAIN|5169609|1603|2814617
EOSMAIN|5169642|1604|2814618
EOSMAIN|5169661|1605|2814619
EOSMAIN|6117134|1606|2814620
EOSMAIN|6240928|1607|2814621
EOSMAIN|6240961|1608|2814622
EOSMAIN|5171706|1609|2814623
EOSMAIN|5171720|1610|2814624
EOSMAIN|5171735|1611|2814625
EOSMAIN|5171749|1612|2814626
EOSMAIN|5171763|1613|2814627
EOSMAIN|5171778|1614|2814628
EOSMAIN|5171793|1615|2814629
EOSMAIN|5172621|1616|2814630
EOSMAIN|5173146|1617|2814631
EOSMAIN|5173227|1618|2814632
EOSMAIN|5173254|1619|2814633
EOSMAIN|5173363|1620|2814634
EOSMAIN|5173439|1621|2814635
EOSMAIN|5173467|1622|2814636
EOSMAIN|5173483|1623|2814637
EOSMAIN|5173499|1624|2814638
EOSMAIN|5173526|1625|2814639
EOSMAIN|5173580|1626|2814640
EOSMAIN|5173613|1627|2814641
EOSMAIN|5173645|1628|2814642
EOSMAIN|5173661|1629|2814643
EOSMAIN|5173677|1630|2814644
EOSMAIN|5173705|1631|2814645
EOSMAIN|5173737|1632|2814646
EOSMAIN|5173764|1633|2814647
EOSMAIN|5173791|1634|2814648
EOSMAIN|5173872|1635|2814649
EOSMAIN|5173899|1636|2814650
EOSMAIN|5173926|1637|2814651
EOSMAIN|5173980|1638|2814652
EOSMAIN|5174023|1639|2814653
EOSMAIN|5174077|1640|2814654
EOSMAIN|5174272|1641|2814655
EOSMAIN|5174288|1642|2814656
EOSMAIN|5174315|1643|2814657
EOSMAIN|5174342|1644|2814658
EOSMAIN|5174385|1645|2814659
EOSMAIN|5174412|1646|2814660
EOSMAIN|5174439|1647|2814661
EOSMAIN|5174455|1648|2814662
EOSMAIN|5174482|1649|2814663
EOSMAIN|5174537|1650|2814664
EOSMAIN|5174564|1651|2814665
EOSMAIN|5174591|1652|2814666
EOSMAIN|5174618|1653|2814667
EOSMAIN|5174700|1654|2814668
EOSMAIN|5174717|1655|2814669
EOSMAIN|5174744|1656|2814670
EOSMAIN|5174771|1657|2814671
EOSMAIN|5174787|1658|2814672
EOSMAIN|5174830|1659|2814673
EOSMAIN|5175345|1660|2814674
EOSMAIN|5175372|1661|2814675
EOSMAIN|5175388|1662|2814676
EOSMAIN|5175404|1663|2814677
EOSMAIN|5175431|1664|2814678
EOSMAIN|5175458|1665|2814679
EOSMAIN|5175539|1666|2814680
EOSMAIN|5175801|1667|2814681
EOSMAIN|5175829|1668|2814682
EOSMAIN|5175888|1669|2814683
EOSMAIN|5175907|1670|2814684
EOSMAIN|5175938|1671|2814685
EOSMAIN|5175988|1672|2814686
EOSMAIN|5176034|1673|2814687
EOSMAIN|5244700|1674|2814688
EOSMAIN|5244720|1675|2814689
EOSMAIN|5244738|1676|2814690
EOSMAIN|5244769|1677|2814691
EOSMAIN|5244800|1678|2814692
EOSMAIN|5244846|1679|2814693
EOSMAIN|5244910|1680|2814694
EOSMAIN|5244943|1681|2814695
EOSMAIN|5259261|1682|2814696
EOSMAIN|5259290|1683|2814697
EOSMAIN|5259321|1684|2814698
EOSMAIN|5259363|1685|2814699
EOSMAIN|5259420|1686|2814700
EOSMAIN|5259440|1687|2814701
EOSMAIN|5259475|1688|2814702
EOSMAIN|5259493|1689|2814703
EOSMAIN|5259590|1690|2814704
EOSMAIN|5259680|1691|2814705
EOSMAIN|5259785|1692|2814706
EOSMAIN|5259816|1693|2814707
EOSMAIN|5259959|1694|2814708
EOSMAIN|5259990|1695|2814709
EOSMAIN|5260065|1696|2814710
EOSMAIN|5260096|1697|2814711
EOSMAIN|5260138|1698|2814712
EOSMAIN|5260217|1699|2814713
EOSMAIN|5265381|1700|2814714
