EOSMAIN|6356272|2501|2815515
EOSMAIN|6356215|2502|2815516
EOSMAIN|6356196|2503|2815517
EOSMAIN|6355863|2504|2815518
EOSMAIN|6355756|2505|2815519
EOSMAIN|6355681|2506|2815520
EOSMAIN|6354768|2507|2815521
EOSMAIN|6354750|2508|2815522
EOSMAIN|6353034|2509|2815523
EOSMAIN|6352929|2510|2815524
EOSMAIN|6320518|2511|2815525
EOSMAIN|6320450|2512|2815526
EOSMAIN|6320264|2513|2815527
EOSMAIN|6319998|2514|2815528
EOSMAIN|6319374|2515|2815529
EOSMAIN|6319356|2516|2815530
EOSMAIN|6310684|2517|2815531
EOSMAIN|6310647|2518|2815532
EOSMAIN|6310577|2519|2815533
EOSMAIN|6310438|2520|2815534
EOSMAIN|6310277|2521|2815535
EOSMAIN|6309971|2522|2815536
EOSMAIN|6309753|2523|2815537
EOSMAIN|6309670|2524|2815538
EOSMAIN|6308413|2525|2815539
EOSMAIN|6308093|2526|2815540
EOSMAIN|6308074|2527|2815541
EOSMAIN|6307992|2528|2815542
EOSMAIN|6307847|2529|2815543
EOSMAIN|6305225|2530|2815544
EOSMAIN|6305207|2531|2815545
EOSMAIN|6305189|2532|2815546
EOSMAIN|6305171|2533|2815547
EOSMAIN|6305153|2534|2815548
EOSMAIN|6305117|2535|2815549
EOSMAIN|6305099|2536|2815550
EOSMAIN|6305063|2537|2815551
EOSMAIN|6305045|2538|2815552
EOSMAIN|6304991|2539|2815553
EOSMAIN|6304973|2540|2815554
EOSMAIN|6304955|2541|2815555
EOSMAIN|6304937|2542|2815556
EOSMAIN|6304919|2543|2815557
EOSMAIN|6304761|2544|2815558
EOSMAIN|6304694|2545|2815559
EOSMAIN|6304661|2546|2815560
EOSMAIN|6304551|2547|2815561
EOSMAIN|6304435|2548|2815562
EOSMAIN|6304416|2549|2815563
EOSMAIN|6304397|2550|2815564
EOSMAIN|6287043|2551|2815565
EOSMAIN|6277795|2552|2815566
EOSMAIN|6274346|2553|2815567
EOSMAIN|6274262|2554|2815568
EOSMAIN|6250041|2555|2815569
EOSMAIN|6249876|2556|2815570
EOSMAIN|6249605|2557|2815571
EOSMAIN|6248935|2558|2815572
EOSMAIN|6248806|2559|2815573
EOSMAIN|6245403|2560|2815574
EOSMAIN|6245038|2561|2815575
EOSMAIN|6244869|2562|2815576
EOSMAIN|6228564|2563|2815577
EOSMAIN|6213221|2564|2815578
EOSMAIN|6213149|2565|2815579
EOSMAIN|6212639|2566|2815580
EOSMAIN|6212446|2567|2815581
EOSMAIN|6211172|2568|2815582
EOSMAIN|6211023|2569|2815583
EOSMAIN|6197351|2570|2815584
EOSMAIN|6191839|2571|2815585
EOSMAIN|6138459|2572|2815586
EOSMAIN|6138363|2573|2815587
EOSMAIN|6117115|2574|2815588
EOSMAIN|6117077|2575|2815589
EOSMAIN|6099881|2576|2815590
EOSMAIN|6064417|2577|2815591
EOSMAIN|6063920|2578|2815592
EOSMAIN|6053810|2579|2815593
EOSMAIN|6053723|2580|2815594
EOSMAIN|6053699|2581|2815595
EOSMAIN|6053378|2582|2815596
EOSMAIN|5970337|2583|2815597
EOSMAIN|5968748|2584|2815598
EOSMAIN|5765520|2585|2815599
EOSMAIN|5703032|2586|2815600
EOSMAIN|5697034|2587|2815601
EOSMAIN|5637560|2588|2815602
EOSMAIN|5523223|2589|2815603
EOSMAIN|5486879|2590|2815604
EOSMAIN|5370506|2591|2815605
EOSMAIN|5220956|2592|2815606
EOSMAIN|5202794|2593|2815607
EOSMAIN|5164065|2594|2815608
EOSMAIN|5176006|2595|2815609
EOSMAIN|5259623|2596|2815610
EOSMAIN|5332050|2597|2815611
EOSMAIN|5415485|2598|2815612
EOSMAIN|5415782|2599|2815613
EOSMAIN|5453558|2600|2815614
