EOSMAIN|5448299|501|2813515
EOSMAIN|5448482|502|2813516
EOSMAIN|5450505|503|2813517
EOSMAIN|5463632|504|2813518
EOSMAIN|5479866|505|2813519
EOSMAIN|5485792|506|2813520
EOSMAIN|5967975|507|2813521
EOSMAIN|5545195|508|2813522
EOSMAIN|5549987|509|2813523
EOSMAIN|5598528|510|2813524
EOSMAIN|5605178|511|2813525
EOSMAIN|5639722|512|2813526
EOSMAIN|5699628|513|2813527
EOSMAIN|5771279|514|2813528
EOSMAIN|5867789|515|2813529
EOSMAIN|5832359|516|2813530
EOSMAIN|5832384|517|2813531
EOSMAIN|5840824|518|2813532
EOSMAIN|5860251|519|2813533
EOSMAIN|5867811|520|2813534
EOSMAIN|5970185|521|2813535
EOSMAIN|5888552|522|2813536
EOSMAIN|5908485|523|2813537
EOSMAIN|5908538|524|2813538
EOSMAIN|5913548|525|2813539
EOSMAIN|5913622|526|2813540
EOSMAIN|5929936|527|2813541
EOSMAIN|5929956|528|2813542
EOSMAIN|5954566|529|2813543
EOSMAIN|5954587|530|2813544
EOSMAIN|5954608|531|2813545
EOSMAIN|5959089|532|2813546
EOSMAIN|5967890|533|2813547
EOSMAIN|5997121|534|2813548
EOSMAIN|6009128|535|2813549
EOSMAIN|6019639|536|2813550
EOSMAIN|6476355|537|2813551
EOSMAIN|5051644|538|2813552
EOSMAIN|5448450|539|2813553
EOSMAIN|5478442|540|2813554
EOSMAIN|22149939|541|2813555
EOSMAIN|6249072|542|2813556
EOSMAIN|6355969|543|2813557
EOSMAIN|8374715|544|2813558
EOSMAIN|5499322|545|2813559
EOSMAIN|5356812|546|2813560
EOSMAIN|5161967|547|2813561
EOSMAIN|5161906|548|2813562
EOSMAIN|6200548|549|2813563
EOSMAIN|6200527|550|2813564
EOSMAIN|6200470|551|2813565
EOSMAIN|6200451|552|2813566
EOSMAIN|6200432|553|2813567
EOSMAIN|6200402|554|2813568
EOSMAIN|5036563|555|2813569
EOSMAIN|5750658|556|2813570
EOSMAIN|6008942|557|2813571
EOSMAIN|22708498|558|2813572
EOSMAIN|22695088|559|2813573
EOSMAIN|22695058|560|2813574
EOSMAIN|22694933|561|2813575
EOSMAIN|22694889|562|2813576
EOSMAIN|22694847|563|2813577
EOSMAIN|22694739|564|2813578
EOSMAIN|22667789|565|2813579
EOSMAIN|22667742|566|2813580
EOSMAIN|22667713|567|2813581
EOSMAIN|22667633|568|2813582
EOSMAIN|22595800|569|2813583
EOSMAIN|22584325|570|2813584
EOSMAIN|22518813|571|2813585
EOSMAIN|22414787|572|2813586
EOSMAIN|22250813|573|2813587
EOSMAIN|15083920|574|2813588
EOSMAIN|10613274|575|2813589
EOSMAIN|9487387|576|2813590
EOSMAIN|9480439|577|2813591
EOSMAIN|8381422|578|2813592
EOSMAIN|6418548|579|2813593
EOSMAIN|6377032|580|2813594
EOSMAIN|6319707|581|2813595
EOSMAIN|6308202|582|2813596
EOSMAIN|6191741|583|2813597
EOSMAIN|5862668|584|2813598
EOSMAIN|5695007|585|2813599
EOSMAIN|5161763|586|2813600
EOSMAIN|22870292|587|2813601
EOSMAIN|5888409|588|2813602
EOSMAIN|5161169|589|2813603
EOSMAIN|5160482|590|2813604
EOSMAIN|5160446|591|2813605
EOSMAIN|5160264|592|2813606
EOSMAIN|5175843|593|2813607
EOSMAIN|5037728|594|2813608
EOSMAIN|5037755|595|2813609
EOSMAIN|5037826|596|2813610
EOSMAIN|5037809|597|2813611
EOSMAIN|5037853|598|2813612
EOSMAIN|5037880|599|2813613
EOSMAIN|5037907|600|2813614
