EOSMAIN|6355699|1001|2814015
EOSMAIN|6191883|1002|2814016
EOSMAIN|6245521|1003|2814017
EOSMAIN|6191861|1004|2814018
EOSMAIN|5499304|1005|2814019
EOSMAIN|5534016|1006|2814020
EOSMAIN|22821739|1007|2814021
EOSMAIN|5600236|1008|2814022
EOSMAIN|5534001|1009|2814023
EOSMAIN|5498304|1010|2814024
EOSMAIN|5497215|1011|2814025
EOSMAIN|22821425|1012|2814026
EOSMAIN|5901935|1013|2814027
EOSMAIN|5677990|1014|2814028
EOSMAIN|5670601|1015|2814029
EOSMAIN|5356796|1016|2814030
EOSMAIN|5322510|1017|2814031
EOSMAIN|5310141|1018|2814032
EOSMAIN|5036450|1019|2814033
EOSMAIN|5670553|1020|2814034
EOSMAIN|5670569|1021|2814035
EOSMAIN|5670585|1022|2814036
EOSMAIN|5265249|1023|2814037
EOSMAIN|5377955|1024|2814038
EOSMAIN|6061041|1025|2814039
EOSMAIN|5818389|1026|2814040
EOSMAIN|5854530|1027|2814041
EOSMAIN|5837920|1028|2814042
EOSMAIN|22695133|1029|2814043
EOSMAIN|22694819|1030|2814044
EOSMAIN|22667760|1031|2814045
EOSMAIN|22549301|1032|2814046
EOSMAIN|22496701|1033|2814047
EOSMAIN|22479917|1034|2814048
EOSMAIN|22407976|1035|2814049
EOSMAIN|22406293|1036|2814050
EOSMAIN|20666655|1037|2814051
EOSMAIN|19314450|1038|2814052
EOSMAIN|19301271|1039|2814053
EOSMAIN|19086772|1040|2814054
EOSMAIN|17814881|1041|2814055
EOSMAIN|17813751|1042|2814056
EOSMAIN|17659520|1043|2814057
EOSMAIN|17621599|1044|2814058
EOSMAIN|17466769|1045|2814059
EOSMAIN|17443842|1046|2814060
EOSMAIN|17439716|1047|2814061
EOSMAIN|17375285|1048|2814062
EOSMAIN|15072871|1049|2814063
EOSMAIN|15072773|1050|2814064
EOSMAIN|11672376|1051|2814065
EOSMAIN|11672355|1052|2814066
EOSMAIN|10613507|1053|2814067
EOSMAIN|10613417|1054|2814068
EOSMAIN|10613295|1055|2814069
EOSMAIN|10612721|1056|2814070
EOSMAIN|9476826|1057|2814071
EOSMAIN|9437996|1058|2814072
EOSMAIN|8334824|1059|2814073
EOSMAIN|8334789|1060|2814074
EOSMAIN|6486118|1061|2814075
EOSMAIN|6485777|1062|2814076
EOSMAIN|6482209|1063|2814077
EOSMAIN|6377848|1064|2814078
EOSMAIN|6357595|1065|2814079
EOSMAIN|6327622|1066|2814080
EOSMAIN|6327478|1067|2814081
EOSMAIN|6245086|1068|2814082
EOSMAIN|6244890|1069|2814083
EOSMAIN|6117033|1070|2814084
EOSMAIN|6099385|1071|2814085
EOSMAIN|6094204|1072|2814086
EOSMAIN|6073033|1073|2814087
EOSMAIN|5985965|1074|2814088
EOSMAIN|5814292|1075|2814089
EOSMAIN|5732270|1076|2814090
EOSMAIN|5624715|1077|2814091
EOSMAIN|5331958|1078|2814092
EOSMAIN|5270121|1079|2814093
EOSMAIN|5176511|1080|2814094
EOSMAIN|5169489|1081|2814095
EOSMAIN|5037512|1082|2814096
EOSMAIN|5036891|1083|2814097
EOSMAIN|5037136|1084|2814098
EOSMAIN|5037606|1085|2814099
EOSMAIN|5160938|1086|2814100
EOSMAIN|5161187|1087|2814101
EOSMAIN|5162371|1088|2814102
EOSMAIN|5162442|1089|2814103
EOSMAIN|5162844|1090|2814104
EOSMAIN|5163515|1091|2814105
EOSMAIN|5163773|1092|2814106
EOSMAIN|5163937|1093|2814107
EOSMAIN|5164002|1094|2814108
EOSMAIN|5164034|1095|2814109
EOSMAIN|5164143|1096|2814110
EOSMAIN|5164570|1097|2814111
EOSMAIN|5164588|1098|2814112
EOSMAIN|5164657|1099|2814113
EOSMAIN|5164796|1100|2814114
