EOSMAIN|22693575|3201|2816215
EOSMAIN|22677865|3202|2816216
EOSMAIN|22667609|3203|2816217
EOSMAIN|22667532|3204|2816218
EOSMAIN|22656479|3205|2816219
EOSMAIN|22656256|3206|2816220
EOSMAIN|22656182|3207|2816221
EOSMAIN|22652050|3208|2816222
EOSMAIN|22638890|3209|2816223
EOSMAIN|22635333|3210|2816224
EOSMAIN|22633934|3211|2816225
EOSMAIN|22588314|3212|2816226
EOSMAIN|22587877|3213|2816227
EOSMAIN|22587438|3214|2816228
EOSMAIN|22580863|3215|2816229
EOSMAIN|22579408|3216|2816230
EOSMAIN|22579199|3217|2816231
EOSMAIN|22578180|3218|2816232
EOSMAIN|22567309|3219|2816233
EOSMAIN|22519384|3220|2816234
EOSMAIN|22518833|3221|2816235
EOSMAIN|22518207|3222|2816236
EOSMAIN|22510025|3223|2816237
EOSMAIN|22505630|3224|2816238
EOSMAIN|22501163|3225|2816239
EOSMAIN|22501084|3226|2816240
EOSMAIN|22500995|3227|2816241
EOSMAIN|22500957|3228|2816242
EOSMAIN|22496667|3229|2816243
EOSMAIN|22496603|3230|2816244
EOSMAIN|22496578|3231|2816245
EOSMAIN|22493590|3232|2816246
EOSMAIN|22493529|3233|2816247
EOSMAIN|22493448|3234|2816248
EOSMAIN|22493352|3235|2816249
EOSMAIN|22485719|3236|2816250
EOSMAIN|22485342|3237|2816251
EOSMAIN|22481089|3238|2816252
EOSMAIN|22463115|3239|2816253
EOSMAIN|22461965|3240|2816254
EOSMAIN|22456370|3241|2816255
EOSMAIN|22449113|3242|2816256
EOSMAIN|22443433|3243|2816257
EOSMAIN|22440696|3244|2816258
EOSMAIN|22440627|3245|2816259
EOSMAIN|22440547|3246|2816260
EOSMAIN|22438943|3247|2816261
EOSMAIN|22438727|3248|2816262
EOSMAIN|22406337|3249|2816263
EOSMAIN|22403472|3250|2816264
EOSMAIN|22402939|3251|2816265
EOSMAIN|22390672|3252|2816266
EOSMAIN|22373452|3253|2816267
EOSMAIN|22373214|3254|2816268
EOSMAIN|22373158|3255|2816269
EOSMAIN|22372581|3256|2816270
EOSMAIN|22371930|3257|2816271
EOSMAIN|22357040|3258|2816272
EOSMAIN|22356658|3259|2816273
EOSMAIN|22332358|3260|2816274
EOSMAIN|22332329|3261|2816275
EOSMAIN|22301108|3262|2816276
EOSMAIN|22285152|3263|2816277
EOSMAIN|22279325|3264|2816278
EOSMAIN|22278096|3265|2816279
EOSMAIN|22277968|3266|2816280
EOSMAIN|22250740|3267|2816281
EOSMAIN|22250721|3268|2816282
EOSMAIN|22249690|3269|2816283
EOSMAIN|22229041|3270|2816284
EOSMAIN|22223804|3271|2816285
EOSMAIN|22216741|3272|2816286
EOSMAIN|22216224|3273|2816287
EOSMAIN|22216150|3274|2816288
EOSMAIN|22214630|3275|2816289
EOSMAIN|22214320|3276|2816290
EOSMAIN|22200962|3277|2816291
EOSMAIN|22188959|3278|2816292
EOSMAIN|22188532|3279|2816293
EOSMAIN|22188276|3280|2816294
EOSMAIN|22109714|3281|2816295
EOSMAIN|22107940|3282|2816296
EOSMAIN|22107768|3283|2816297
EOSMAIN|22107667|3284|2816298
EOSMAIN|22107557|3285|2816299
EOSMAIN|20762821|3286|2816300
EOSMAIN|20762635|3287|2816301
EOSMAIN|20762176|3288|2816302
EOSMAIN|20747161|3289|2816303
EOSMAIN|20741770|3290|2816304
EOSMAIN|20741740|3291|2816305
EOSMAIN|20741494|3292|2816306
EOSMAIN|20741375|3293|2816307
EOSMAIN|20741331|3294|2816308
EOSMAIN|20741287|3295|2816309
EOSMAIN|20741243|3296|2816310
EOSMAIN|20741192|3297|2816311
EOSMAIN|20740982|3298|2816312
EOSMAIN|20740884|3299|2816313
EOSMAIN|20740758|3300|2816314
