EOSMAIN|5506190|901|2813915
EOSMAIN|5506286|902|2813916
EOSMAIN|5527462|903|2813917
EOSMAIN|5527492|904|2813918
EOSMAIN|5530676|905|2813919
EOSMAIN|5574905|906|2813920
EOSMAIN|5576361|907|2813921
EOSMAIN|5596985|908|2813922
EOSMAIN|5597018|909|2813923
EOSMAIN|5597039|910|2813924
EOSMAIN|5615857|911|2813925
EOSMAIN|5622045|912|2813926
EOSMAIN|5622064|913|2813927
EOSMAIN|5622094|914|2813928
EOSMAIN|5622164|915|2813929
EOSMAIN|5683831|916|2813930
EOSMAIN|5696809|917|2813931
EOSMAIN|5703618|918|2813932
EOSMAIN|5707980|919|2813933
EOSMAIN|5723771|920|2813934
EOSMAIN|5724029|921|2813935
EOSMAIN|5725517|922|2813936
EOSMAIN|5729202|923|2813937
EOSMAIN|5729259|924|2813938
EOSMAIN|5729943|925|2813939
EOSMAIN|5748590|926|2813940
EOSMAIN|5750983|927|2813941
EOSMAIN|5755943|928|2813942
EOSMAIN|5767642|929|2813943
EOSMAIN|5803811|930|2813944
EOSMAIN|5803709|931|2813945
EOSMAIN|5803740|932|2813946
EOSMAIN|5803771|933|2813947
EOSMAIN|5803842|934|2813948
EOSMAIN|5803862|935|2813949
EOSMAIN|5819175|936|2813950
EOSMAIN|5819473|937|2813951
EOSMAIN|5824462|938|2813952
EOSMAIN|5831853|939|2813953
EOSMAIN|5836930|940|2813954
EOSMAIN|5837139|941|2813955
EOSMAIN|5837669|942|2813956
EOSMAIN|5840860|943|2813957
EOSMAIN|5861214|944|2813958
EOSMAIN|5862651|945|2813959
EOSMAIN|5867831|946|2813960
EOSMAIN|5869876|947|2813961
EOSMAIN|6405778|948|2813962
EOSMAIN|5875339|949|2813963
EOSMAIN|5875361|950|2813964
EOSMAIN|5908464|951|2813965
EOSMAIN|5908517|952|2813966
EOSMAIN|5908883|953|2813967
EOSMAIN|5913569|954|2813968
EOSMAIN|5913602|955|2813969
EOSMAIN|5929976|956|2813970
EOSMAIN|5950763|957|2813971
EOSMAIN|5951786|958|2813972
EOSMAIN|5954629|959|2813973
EOSMAIN|5954673|960|2813974
EOSMAIN|5955576|961|2813975
EOSMAIN|5967911|962|2813976
EOSMAIN|5968203|963|2813977
EOSMAIN|5970865|964|2813978
EOSMAIN|5974337|965|2813979
EOSMAIN|5976101|966|2813980
EOSMAIN|5977969|967|2813981
EOSMAIN|5977992|968|2813982
EOSMAIN|5978026|969|2813983
EOSMAIN|5978056|970|2813984
EOSMAIN|5978079|971|2813985
EOSMAIN|5978098|972|2813986
EOSMAIN|5978128|973|2813987
EOSMAIN|5978158|974|2813988
EOSMAIN|5978188|975|2813989
EOSMAIN|5978207|976|2813990
EOSMAIN|5978269|977|2813991
EOSMAIN|5994304|978|2813992
EOSMAIN|5038498|979|2813993
EOSMAIN|5997360|980|2813994
EOSMAIN|5997632|981|2813995
EOSMAIN|5997672|982|2813996
EOSMAIN|5997751|983|2813997
EOSMAIN|5997781|984|2813998
EOSMAIN|5998111|985|2813999
EOSMAIN|6008760|986|2814000
EOSMAIN|6008816|987|2814001
EOSMAIN|6019169|988|2814002
EOSMAIN|6019676|989|2814003
EOSMAIN|6019922|990|2814004
EOSMAIN|6032888|991|2814005
EOSMAIN|6033540|992|2814006
EOSMAIN|5038479|993|2814007
EOSMAIN|5876177|994|2814008
EOSMAIN|5172720|995|2814009
EOSMAIN|5280336|996|2814010
EOSMAIN|5448466|997|2814011
EOSMAIN|6499039|998|2814012
EOSMAIN|6242366|999|2814013
EOSMAIN|6249051|1000|2814014
