EOSMAIN|5280291|801|2813815
EOSMAIN|5280536|802|2813816
EOSMAIN|5280688|803|2813817
EOSMAIN|5280862|804|2813818
EOSMAIN|5280906|805|2813819
EOSMAIN|5281403|806|2813820
EOSMAIN|5281496|807|2813821
EOSMAIN|5281515|808|2813822
EOSMAIN|5281545|809|2813823
EOSMAIN|5281575|810|2813824
EOSMAIN|5281605|811|2813825
EOSMAIN|5281652|812|2813826
EOSMAIN|5281739|813|2813827
EOSMAIN|5281769|814|2813828
EOSMAIN|5281797|815|2813829
EOSMAIN|5281814|816|2813830
EOSMAIN|5281842|817|2813831
EOSMAIN|5281900|818|2813832
EOSMAIN|5281945|819|2813833
EOSMAIN|5282251|820|2813834
EOSMAIN|5296370|821|2813835
EOSMAIN|5296406|822|2813836
EOSMAIN|5296426|823|2813837
EOSMAIN|5296584|824|2813838
EOSMAIN|5297081|825|2813839
EOSMAIN|5297169|826|2813840
EOSMAIN|5297257|827|2813841
EOSMAIN|5297229|828|2813842
EOSMAIN|5304107|829|2813843
EOSMAIN|5322372|830|2813844
EOSMAIN|5323238|831|2813845
EOSMAIN|5323527|832|2813846
EOSMAIN|5323562|833|2813847
EOSMAIN|5323615|834|2813848
EOSMAIN|5323642|835|2813849
EOSMAIN|5323723|836|2813850
EOSMAIN|5323739|837|2813851
EOSMAIN|5323793|838|2813852
EOSMAIN|5994343|839|2813853
EOSMAIN|5452082|840|2813854
EOSMAIN|5331313|841|2813855
EOSMAIN|5331889|842|2813856
EOSMAIN|5331816|843|2813857
EOSMAIN|5331986|844|2813858
EOSMAIN|5332008|845|2813859
EOSMAIN|5332069|846|2813860
EOSMAIN|5332097|847|2813861
EOSMAIN|5332281|848|2813862
EOSMAIN|5332337|849|2813863
EOSMAIN|5332512|850|2813864
EOSMAIN|5332803|851|2813865
EOSMAIN|5332831|852|2813866
EOSMAIN|5332849|853|2813867
EOSMAIN|5332933|854|2813868
EOSMAIN|5332961|855|2813869
EOSMAIN|5332988|856|2813870
EOSMAIN|5333016|857|2813871
EOSMAIN|5340501|858|2813872
EOSMAIN|5354344|859|2813873
EOSMAIN|5368575|860|2813874
EOSMAIN|5368690|861|2813875
EOSMAIN|5369318|862|2813876
EOSMAIN|5369756|863|2813877
EOSMAIN|5369811|864|2813878
EOSMAIN|5369869|865|2813879
EOSMAIN|5369840|866|2813880
EOSMAIN|5375877|867|2813881
EOSMAIN|5376243|868|2813882
EOSMAIN|5379088|869|2813883
EOSMAIN|5387422|870|2813884
EOSMAIN|5390630|871|2813885
EOSMAIN|5398538|872|2813886
EOSMAIN|5398560|873|2813887
EOSMAIN|5400326|874|2813888
EOSMAIN|5400355|875|2813889
EOSMAIN|5403637|876|2813890
EOSMAIN|5410934|877|2813891
EOSMAIN|5415529|878|2813892
EOSMAIN|5430100|879|2813893
EOSMAIN|5437855|880|2813894
EOSMAIN|5437873|881|2813895
EOSMAIN|5437891|882|2813896
EOSMAIN|5437920|883|2813897
EOSMAIN|5437947|884|2813898
EOSMAIN|5437976|885|2813899
EOSMAIN|5438005|886|2813900
EOSMAIN|5440838|887|2813901
EOSMAIN|5446954|888|2813902
EOSMAIN|5448281|889|2813903
EOSMAIN|5448315|890|2813904
EOSMAIN|5449055|891|2813905
EOSMAIN|5452533|892|2813906
EOSMAIN|5461707|893|2813907
EOSMAIN|5462541|894|2813908
EOSMAIN|5464262|895|2813909
EOSMAIN|5479844|896|2813910
EOSMAIN|5483385|897|2813911
EOSMAIN|5485728|898|2813912
EOSMAIN|5489863|899|2813913
EOSMAIN|5493091|900|2813914
