EOSMAIN|5265423|1701|2814715
EOSMAIN|5265533|1702|2814716
EOSMAIN|5265580|1703|2814717
EOSMAIN|5265626|1704|2814718
EOSMAIN|5265650|1705|2814719
EOSMAIN|5265670|1706|2814720
EOSMAIN|5265688|1707|2814721
EOSMAIN|5265732|1708|2814722
EOSMAIN|5265750|1709|2814723
EOSMAIN|5265801|1710|2814724
EOSMAIN|5265845|1711|2814725
EOSMAIN|5265867|1712|2814726
EOSMAIN|5265889|1713|2814727
EOSMAIN|5265909|1714|2814728
EOSMAIN|5265931|1715|2814729
EOSMAIN|5265949|1716|2814730
EOSMAIN|5266028|1717|2814731
EOSMAIN|5266057|1718|2814732
EOSMAIN|5266077|1719|2814733
EOSMAIN|5266121|1720|2814734
EOSMAIN|5266167|1721|2814735
EOSMAIN|5266226|1722|2814736
EOSMAIN|5266270|1723|2814737
EOSMAIN|5266303|1724|2814738
EOSMAIN|5266321|1725|2814739
EOSMAIN|5266421|1726|2814740
EOSMAIN|5266587|1727|2814741
EOSMAIN|5266636|1728|2814742
EOSMAIN|5266655|1729|2814743
EOSMAIN|5266685|1730|2814744
EOSMAIN|5266745|1731|2814745
EOSMAIN|5266773|1732|2814746
EOSMAIN|5266803|1733|2814747
EOSMAIN|5266833|1734|2814748
EOSMAIN|5266863|1735|2814749
EOSMAIN|5266891|1736|2814750
EOSMAIN|5266919|1737|2814751
EOSMAIN|5266947|1738|2814752
EOSMAIN|5267024|1739|2814753
EOSMAIN|5267006|1740|2814754
EOSMAIN|5280179|1741|2814755
EOSMAIN|5280353|1742|2814756
EOSMAIN|5280373|1743|2814757
EOSMAIN|5280417|1744|2814758
EOSMAIN|5280450|1745|2814759
EOSMAIN|5280470|1746|2814760
EOSMAIN|5280503|1747|2814761
EOSMAIN|5280582|1748|2814762
EOSMAIN|5280604|1749|2814763
EOSMAIN|5280648|1750|2814764
EOSMAIN|5280626|1751|2814765
EOSMAIN|5280668|1752|2814766
EOSMAIN|5280719|1753|2814767
EOSMAIN|5280752|1754|2814768
EOSMAIN|5280818|1755|2814769
EOSMAIN|5280840|1756|2814770
EOSMAIN|5280963|1757|2814771
EOSMAIN|5280987|1758|2814772
EOSMAIN|5281035|1759|2814773
EOSMAIN|5281055|1760|2814774
EOSMAIN|5281112|1761|2814775
EOSMAIN|5281132|1762|2814776
EOSMAIN|5281167|1763|2814777
EOSMAIN|5281189|1764|2814778
EOSMAIN|5281211|1765|2814779
EOSMAIN|5281235|1766|2814780
EOSMAIN|5281269|1767|2814781
EOSMAIN|5281302|1768|2814782
EOSMAIN|5281635|1769|2814783
EOSMAIN|5281671|1770|2814784
EOSMAIN|5281701|1771|2814785
EOSMAIN|5281962|1772|2814786
EOSMAIN|5281990|1773|2814787
EOSMAIN|5282020|1774|2814788
EOSMAIN|5282039|1775|2814789
EOSMAIN|5282069|1776|2814790
EOSMAIN|5282099|1777|2814791
EOSMAIN|5282129|1778|2814792
EOSMAIN|5282159|1779|2814793
EOSMAIN|5282190|1780|2814794
EOSMAIN|5296352|1781|2814795
EOSMAIN|5296457|1782|2814796
EOSMAIN|5296527|1783|2814797
EOSMAIN|5296826|1784|2814798
EOSMAIN|5296685|1785|2814799
EOSMAIN|5296663|1786|2814800
EOSMAIN|5296617|1787|2814801
EOSMAIN|5296643|1788|2814802
EOSMAIN|5296729|1789|2814803
EOSMAIN|5296760|1790|2814804
EOSMAIN|5296808|1791|2814805
EOSMAIN|5296863|1792|2814806
EOSMAIN|5296881|1793|2814807
EOSMAIN|5296899|1794|2814808
EOSMAIN|5296930|1795|2814809
EOSMAIN|5296961|1796|2814810
EOSMAIN|5296994|1797|2814811
EOSMAIN|5297027|1798|2814812
EOSMAIN|5297063|1799|2814813
EOSMAIN|5297319|1800|2814814
