EOSMAIN|6191785|2101|2815115
EOSMAIN|6191955|2102|2815116
EOSMAIN|6211254|2103|2815117
EOSMAIN|5452514|2104|2815118
EOSMAIN|6195677|2105|2815119
EOSMAIN|6094148|2106|2815120
EOSMAIN|5399999|2107|2815121
EOSMAIN|5399984|2108|2815122
EOSMAIN|5399891|2109|2815123
EOSMAIN|22658923|2110|2815124
EOSMAIN|22658896|2111|2815125
EOSMAIN|22658859|2112|2815126
EOSMAIN|22658841|2113|2815127
EOSMAIN|22658823|2114|2815128
EOSMAIN|22658158|2115|2815129
EOSMAIN|22656508|2116|2815130
EOSMAIN|22621571|2117|2815131
EOSMAIN|22600287|2118|2815132
EOSMAIN|22600245|2119|2815133
EOSMAIN|22594549|2120|2815134
EOSMAIN|22584385|2121|2815135
EOSMAIN|22578992|2122|2815136
EOSMAIN|22549221|2123|2815137
EOSMAIN|22546615|2124|2815138
EOSMAIN|22525500|2125|2815139
EOSMAIN|22518731|2126|2815140
EOSMAIN|22481229|2127|2815141
EOSMAIN|22403427|2128|2815142
EOSMAIN|22402918|2129|2815143
EOSMAIN|22373575|2130|2815144
EOSMAIN|22373524|2131|2815145
EOSMAIN|22373498|2132|2815146
EOSMAIN|22332459|2133|2815147
EOSMAIN|22305597|2134|2815148
EOSMAIN|22301552|2135|2815149
EOSMAIN|22285631|2136|2815150
EOSMAIN|22250761|2137|2815151
EOSMAIN|22200792|2138|2815152
EOSMAIN|22188076|2139|2815153
EOSMAIN|20812713|2140|2815154
EOSMAIN|20742850|2141|2815155
EOSMAIN|20681108|2142|2815156
EOSMAIN|20666597|2143|2815157
EOSMAIN|19359721|2144|2815158
EOSMAIN|19313105|2145|2815159
EOSMAIN|19223421|2146|2815160
EOSMAIN|19101566|2147|2815161
EOSMAIN|19086818|2148|2815162
EOSMAIN|17837532|2149|2815163
EOSMAIN|17833323|2150|2815164
EOSMAIN|17663687|2151|2815165
EOSMAIN|17640159|2152|2815166
EOSMAIN|17532579|2153|2815167
EOSMAIN|17470313|2154|2815168
EOSMAIN|17466333|2155|2815169
EOSMAIN|17450466|2156|2815170
EOSMAIN|17297169|2157|2815171
EOSMAIN|17297149|2158|2815172
EOSMAIN|17277202|2159|2815173
EOSMAIN|11696273|2160|2815174
EOSMAIN|11681524|2161|2815175
EOSMAIN|10593321|2162|2815176
EOSMAIN|10593161|2163|2815177
EOSMAIN|10592215|2164|2815178
EOSMAIN|9540071|2165|2815179
EOSMAIN|9538150|2166|2815180
EOSMAIN|9533369|2167|2815181
EOSMAIN|9507943|2168|2815182
EOSMAIN|9487522|2169|2815183
EOSMAIN|9487454|2170|2815184
EOSMAIN|9487414|2171|2815185
EOSMAIN|8405136|2172|2815186
EOSMAIN|6509164|2173|2815187
EOSMAIN|6485704|2174|2815188
EOSMAIN|6476652|2175|2815189
EOSMAIN|6476593|2176|2815190
EOSMAIN|6476411|2177|2815191
EOSMAIN|6476378|2178|2815192
EOSMAIN|6456459|2179|2815193
EOSMAIN|6456415|2180|2815194
EOSMAIN|6455773|2181|2815195
EOSMAIN|6452383|2182|2815196
EOSMAIN|6452255|2183|2815197
EOSMAIN|6452173|2184|2815198
EOSMAIN|6445509|2185|2815199
EOSMAIN|6440488|2186|2815200
EOSMAIN|6439731|2187|2815201
EOSMAIN|6439635|2188|2815202
EOSMAIN|6431655|2189|2815203
EOSMAIN|6422793|2190|2815204
EOSMAIN|6422549|2191|2815205
EOSMAIN|6377775|2192|2815206
EOSMAIN|6377563|2193|2815207
EOSMAIN|6377495|2194|2815208
EOSMAIN|6372784|2195|2815209
EOSMAIN|6372698|2196|2815210
EOSMAIN|6372655|2197|2815211
EOSMAIN|6372535|2198|2815212
EOSMAIN|6372384|2199|2815213
EOSMAIN|6372309|2200|2815214
