EOSMAIN|5451026|1201|2814215
EOSMAIN|5451414|1202|2814216
EOSMAIN|5458465|1203|2814217
EOSMAIN|5458506|1204|2814218
EOSMAIN|5459703|1205|2814219
EOSMAIN|5462574|1206|2814220
EOSMAIN|5464864|1207|2814221
EOSMAIN|5464917|1208|2814222
EOSMAIN|5468225|1209|2814223
EOSMAIN|5470855|1210|2814224
EOSMAIN|5524071|1211|2814225
EOSMAIN|5525710|1212|2814226
EOSMAIN|5527446|1213|2814227
EOSMAIN|5570676|1214|2814228
EOSMAIN|5601920|1215|2814229
EOSMAIN|5601989|1216|2814230
EOSMAIN|5603521|1217|2814231
EOSMAIN|5603543|1218|2814232
EOSMAIN|5613000|1219|2814233
EOSMAIN|5618907|1220|2814234
EOSMAIN|5665379|1221|2814235
EOSMAIN|5708013|1222|2814236
EOSMAIN|5753964|1223|2814237
EOSMAIN|5767354|1224|2814238
EOSMAIN|5771937|1225|2814239
EOSMAIN|5777487|1226|2814240
EOSMAIN|5786545|1227|2814241
EOSMAIN|5798228|1228|2814242
EOSMAIN|5818834|1229|2814243
EOSMAIN|5818854|1230|2814244
EOSMAIN|5821292|1231|2814245
EOSMAIN|5832309|1232|2814246
EOSMAIN|5832334|1233|2814247
EOSMAIN|5837013|1234|2814248
EOSMAIN|5837171|1235|2814249
EOSMAIN|5860297|1236|2814250
EOSMAIN|5867851|1237|2814251
EOSMAIN|6099483|1238|2814252
EOSMAIN|5888428|1239|2814253
EOSMAIN|5913783|1240|2814254
EOSMAIN|5931555|1241|2814255
EOSMAIN|5955004|1242|2814256
EOSMAIN|5976303|1243|2814257
EOSMAIN|5997090|1244|2814258
EOSMAIN|6021903|1245|2814259
EOSMAIN|6022374|1246|2814260
EOSMAIN|6032845|1247|2814261
EOSMAIN|6032868|1248|2814262
EOSMAIN|6032908|1249|2814263
EOSMAIN|6033597|1250|2814264
EOSMAIN|6064086|1251|2814265
EOSMAIN|6363626|1252|2814266
EOSMAIN|5829295|1253|2814267
EOSMAIN|6278864|1254|2814268
EOSMAIN|22216470|1255|2814269
EOSMAIN|6117012|1256|2814270
EOSMAIN|6211337|1257|2814271
EOSMAIN|6304472|1258|2814272
EOSMAIN|6418643|1259|2814273
EOSMAIN|6200509|1260|2814274
EOSMAIN|6200491|1261|2814275
EOSMAIN|22726883|1262|2814276
EOSMAIN|5843819|1263|2814277
EOSMAIN|5403669|1264|2814278
EOSMAIN|5432390|1265|2814279
EOSMAIN|5173390|1266|2814280
EOSMAIN|6347239|1267|2814281
EOSMAIN|22755013|1268|2814282
EOSMAIN|22708425|1269|2814283
EOSMAIN|22694148|1270|2814284
EOSMAIN|22656536|1271|2814285
EOSMAIN|22594832|1272|2814286
EOSMAIN|22594450|1273|2814287
EOSMAIN|22584639|1274|2814288
EOSMAIN|22579383|1275|2814289
EOSMAIN|22578068|1276|2814290
EOSMAIN|22557345|1277|2814291
EOSMAIN|22546533|1278|2814292
EOSMAIN|22511423|1279|2814293
EOSMAIN|22413673|1280|2814294
EOSMAIN|22107717|1281|2814295
EOSMAIN|20729965|1282|2814296
EOSMAIN|19351121|1283|2814297
EOSMAIN|19301296|1284|2814298
EOSMAIN|19106422|1285|2814299
EOSMAIN|17844358|1286|2814300
EOSMAIN|17814978|1287|2814301
EOSMAIN|17740249|1288|2814302
EOSMAIN|17660118|1289|2814303
EOSMAIN|17659992|1290|2814304
EOSMAIN|17659463|1291|2814305
EOSMAIN|17465960|1292|2814306
EOSMAIN|17359702|1293|2814307
EOSMAIN|17358129|1294|2814308
EOSMAIN|11696514|1295|2814309
EOSMAIN|11686673|1296|2814310
EOSMAIN|11672312|1297|2814311
EOSMAIN|10613570|1298|2814312
EOSMAIN|10613549|1299|2814313
EOSMAIN|10613528|1300|2814314
