EOSMAIN|5297287|1801|2814815
EOSMAIN|5303844|1802|2814816
EOSMAIN|5310550|1803|2814817
EOSMAIN|5303876|1804|2814818
EOSMAIN|5303911|1805|2814819
EOSMAIN|5303946|1806|2814820
EOSMAIN|5303992|1807|2814821
EOSMAIN|5304036|1808|2814822
EOSMAIN|5304056|1809|2814823
EOSMAIN|5304087|1810|2814824
EOSMAIN|5310231|1811|2814825
EOSMAIN|5310251|1812|2814826
EOSMAIN|5310271|1813|2814827
EOSMAIN|5310328|1814|2814828
EOSMAIN|5310348|1815|2814829
EOSMAIN|5310394|1816|2814830
EOSMAIN|5310425|1817|2814831
EOSMAIN|5310458|1818|2814832
EOSMAIN|5310491|1819|2814833
EOSMAIN|5310521|1820|2814834
EOSMAIN|5310568|1821|2814835
EOSMAIN|5322592|1822|2814836
EOSMAIN|5322661|1823|2814837
EOSMAIN|5322691|1824|2814838
EOSMAIN|5322725|1825|2814839
EOSMAIN|5322744|1826|2814840
EOSMAIN|5322789|1827|2814841
EOSMAIN|5322806|1828|2814842
EOSMAIN|5322851|1829|2814843
EOSMAIN|5322887|1830|2814844
EOSMAIN|5322919|1831|2814845
EOSMAIN|5322936|1832|2814846
EOSMAIN|5322979|1833|2814847
EOSMAIN|5323056|1834|2814848
EOSMAIN|5323075|1835|2814849
EOSMAIN|5323105|1836|2814850
EOSMAIN|5323135|1837|2814851
EOSMAIN|5323165|1838|2814852
EOSMAIN|5323260|1839|2814853
EOSMAIN|5323284|1840|2814854
EOSMAIN|5323341|1841|2814855
EOSMAIN|5323400|1842|2814856
EOSMAIN|5323437|1843|2814857
EOSMAIN|5323459|1844|2814858
EOSMAIN|5323766|1845|2814859
EOSMAIN|5330979|1846|2814860
EOSMAIN|5330950|1847|2814861
EOSMAIN|5330999|1848|2814862
EOSMAIN|5162324|1849|2814863
EOSMAIN|5331048|1850|2814864
EOSMAIN|5331068|1851|2814865
EOSMAIN|5331112|1852|2814866
EOSMAIN|5331144|1853|2814867
EOSMAIN|5331172|1854|2814868
EOSMAIN|5331225|1855|2814869
EOSMAIN|5331245|1856|2814870
EOSMAIN|5331281|1857|2814871
EOSMAIN|5331296|1858|2814872
EOSMAIN|5331330|1859|2814873
EOSMAIN|5331413|1860|2814874
EOSMAIN|5331430|1861|2814875
EOSMAIN|5331449|1862|2814876
EOSMAIN|5331468|1863|2814877
EOSMAIN|5331502|1864|2814878
EOSMAIN|5331519|1865|2814879
EOSMAIN|5331538|1866|2814880
EOSMAIN|5331569|1867|2814881
EOSMAIN|5331625|1868|2814882
EOSMAIN|5331587|1869|2814883
EOSMAIN|5331606|1870|2814884
EOSMAIN|5331645|1871|2814885
EOSMAIN|5331665|1872|2814886
EOSMAIN|5331685|1873|2814887
EOSMAIN|5331731|1874|2814888
EOSMAIN|5331755|1875|2814889
EOSMAIN|5332125|1876|2814890
EOSMAIN|5332153|1877|2814891
EOSMAIN|5332181|1878|2814892
EOSMAIN|5332208|1879|2814893
EOSMAIN|5332235|1880|2814894
EOSMAIN|5332263|1881|2814895
EOSMAIN|5332310|1882|2814896
EOSMAIN|5332365|1883|2814897
EOSMAIN|5332392|1884|2814898
EOSMAIN|5332410|1885|2814899
EOSMAIN|5332438|1886|2814900
EOSMAIN|5332540|1887|2814901
EOSMAIN|5332568|1888|2814902
EOSMAIN|5332597|1889|2814903
EOSMAIN|5332624|1890|2814904
EOSMAIN|5332652|1891|2814905
EOSMAIN|5332680|1892|2814906
EOSMAIN|5332697|1893|2814907
EOSMAIN|5332714|1894|2814908
EOSMAIN|5332742|1895|2814909
EOSMAIN|5332769|1896|2814910
EOSMAIN|5332786|1897|2814911
EOSMAIN|5340293|1898|2814912
EOSMAIN|5340333|1899|2814913
EOSMAIN|5340424|1900|2814914
