EOSMAIN|6352764|3701|2816715
EOSMAIN|6352038|3702|2816716
EOSMAIN|6351998|3703|2816717
EOSMAIN|6351960|3704|2816718
EOSMAIN|6351922|3705|2816719
EOSMAIN|6351899|3706|2816720
EOSMAIN|6351831|3707|2816721
EOSMAIN|6349480|3708|2816722
EOSMAIN|6339163|3709|2816723
EOSMAIN|6331777|3710|2816724
EOSMAIN|6327548|3711|2816725
EOSMAIN|6326125|3712|2816726
EOSMAIN|6320489|3713|2816727
EOSMAIN|6320412|3714|2816728
EOSMAIN|6320362|3715|2816729
EOSMAIN|6320336|3716|2816730
EOSMAIN|6320310|3717|2816731
EOSMAIN|6320287|3718|2816732
EOSMAIN|6320243|3719|2816733
EOSMAIN|6320220|3720|2816734
EOSMAIN|6320185|3721|2816735
EOSMAIN|6319969|3722|2816736
EOSMAIN|6319935|3723|2816737
EOSMAIN|6319886|3724|2816738
EOSMAIN|6319675|3725|2816739
EOSMAIN|6319643|3726|2816740
EOSMAIN|6319611|3727|2816741
EOSMAIN|6319579|3728|2816742
EOSMAIN|6319547|3729|2816743
EOSMAIN|6319515|3730|2816744
EOSMAIN|6316055|3731|2816745
EOSMAIN|6315917|3732|2816746
EOSMAIN|6315811|3733|2816747
EOSMAIN|6315645|3734|2816748
EOSMAIN|6315459|3735|2816749
EOSMAIN|6315389|3736|2816750
EOSMAIN|6309838|3737|2816751
EOSMAIN|6309816|3738|2816752
EOSMAIN|6309436|3739|2816753
EOSMAIN|6308389|3740|2816754
EOSMAIN|6308317|3741|2816755
EOSMAIN|6308282|3742|2816756
EOSMAIN|6308257|3743|2816757
EOSMAIN|6308142|3744|2816758
EOSMAIN|6307974|3745|2816759
EOSMAIN|6307954|3746|2816760
EOSMAIN|6304861|3747|2816761
EOSMAIN|6304529|3748|2816762
EOSMAIN|6304453|3749|2816763
EOSMAIN|6298888|3750|2816764
EOSMAIN|6298724|3751|2816765
EOSMAIN|6295045|3752|2816766
EOSMAIN|6285429|3753|2816767
EOSMAIN|6278761|3754|2816768
EOSMAIN|6278713|3755|2816769
EOSMAIN|6278597|3756|2816770
EOSMAIN|6278470|3757|2816771
EOSMAIN|6278434|3758|2816772
EOSMAIN|6278006|3759|2816773
EOSMAIN|6277949|3760|2816774
EOSMAIN|6274408|3761|2816775
EOSMAIN|6274388|3762|2816776
EOSMAIN|6274367|3763|2816777
EOSMAIN|6274306|3764|2816778
EOSMAIN|6274285|3765|2816779
EOSMAIN|6274241|3766|2816780
EOSMAIN|6274222|3767|2816781
EOSMAIN|6274203|3768|2816782
EOSMAIN|6274182|3769|2816783
EOSMAIN|6274161|3770|2816784
EOSMAIN|6274087|3771|2816785
EOSMAIN|6274066|3772|2816786
EOSMAIN|6272610|3773|2816787
EOSMAIN|6250079|3774|2816788
EOSMAIN|6250060|3775|2816789
EOSMAIN|6250022|3776|2816790
EOSMAIN|6250003|3777|2816791
EOSMAIN|6249793|3778|2816792
EOSMAIN|6249742|3779|2816793
EOSMAIN|6249678|3780|2816794
EOSMAIN|6249381|3781|2816795
EOSMAIN|6249358|3782|2816796
EOSMAIN|6249235|3783|2816797
EOSMAIN|6249179|3784|2816798
EOSMAIN|6249093|3785|2816799
EOSMAIN|6248913|3786|2816800
EOSMAIN|6248871|3787|2816801
EOSMAIN|6248838|3788|2816802
EOSMAIN|6245500|3789|2816803
EOSMAIN|6245478|3790|2816804
EOSMAIN|6245355|3791|2816805
EOSMAIN|6245307|3792|2816806
EOSMAIN|6245235|3793|2816807
EOSMAIN|6245180|3794|2816808
EOSMAIN|6245134|3795|2816809
EOSMAIN|6245107|3796|2816810
EOSMAIN|6245065|3797|2816811
EOSMAIN|6244934|3798|2816812
EOSMAIN|6244795|3799|2816813
EOSMAIN|6244685|3800|2816814
