EOSMAIN|5774066|1|2813015
EOSMAIN|22192038|2|2813016
EOSMAIN|5457392|3|2813017
EOSMAIN|5162147|4|2813018
EOSMAIN|5172738|5|2813019
EOSMAIN|6319793|6|2813020
EOSMAIN|5172757|7|2813021
EOSMAIN|5162269|8|2813022
EOSMAIN|5176124|9|2813023
EOSMAIN|6009148|10|2813024
EOSMAIN|5498289|11|2813025
EOSMAIN|5036591|12|2813026
EOSMAIN|5162179|13|2813027
EOSMAIN|5800508|14|2813028
EOSMAIN|5876159|15|2813029
EOSMAIN|5958356|16|2813030
EOSMAIN|5162050|17|2813031
EOSMAIN|5312664|18|2813032
EOSMAIN|5532800|19|2813033
EOSMAIN|5788208|20|2813034
EOSMAIN|5876195|21|2813035
EOSMAIN|5162082|22|2813036
EOSMAIN|6191764|23|2813037
EOSMAIN|5331021|24|2813038
EOSMAIN|5162237|25|2813039
EOSMAIN|5497200|26|2813040
EOSMAIN|5356781|27|2813041
EOSMAIN|5322495|28|2813042
EOSMAIN|5310126|29|2813043
EOSMAIN|5265234|30|2813044
EOSMAIN|5036494|31|2813045
EOSMAIN|5172823|32|2813046
EOSMAIN|5172936|33|2813047
EOSMAIN|5162208|34|2813048
EOSMAIN|5369783|35|2813049
EOSMAIN|5843408|36|2813050
EOSMAIN|6009167|37|2813051
EOSMAIN|5123423|38|2813052
EOSMAIN|5036435|39|2813053
EOSMAIN|5159930|40|2813054
EOSMAIN|5788188|41|2813055
EOSMAIN|5994325|42|2813056
EOSMAIN|5936573|43|2813057
EOSMAIN|5169871|44|2813058
EOSMAIN|22708515|45|2813059
EOSMAIN|22621655|46|2813060
EOSMAIN|22255044|47|2813061
EOSMAIN|5170456|48|2813062
EOSMAIN|5264930|49|2813063
EOSMAIN|5576340|50|2813064
EOSMAIN|5322561|51|2813065
EOSMAIN|5417619|52|2813066
EOSMAIN|5485624|53|2813067
EOSMAIN|5162162|54|2813068
EOSMAIN|5725693|55|2813069
EOSMAIN|5824484|56|2813070
EOSMAIN|5833514|57|2813071
EOSMAIN|5908443|58|2813072
EOSMAIN|5959146|59|2813073
EOSMAIN|6033575|60|2813074
EOSMAIN|5673448|61|2813075
EOSMAIN|5670645|62|2813076
EOSMAIN|5670525|63|2813077
EOSMAIN|22589345|64|2813078
EOSMAIN|19171660|65|2813079
EOSMAIN|17600639|66|2813080
EOSMAIN|17448451|67|2813081
EOSMAIN|6293038|68|2813082
EOSMAIN|5512684|69|2813083
EOSMAIN|5215090|70|2813084
EOSMAIN|5159945|71|2813085
EOSMAIN|5176283|72|2813086
EOSMAIN|5259011|73|2813087
EOSMAIN|5636230|74|2813088
EOSMAIN|5493215|75|2813089
EOSMAIN|5445586|76|2813090
EOSMAIN|5530660|77|2813091
EOSMAIN|6009042|78|2813092
EOSMAIN|6009095|79|2813093
EOSMAIN|6019085|80|2813094
EOSMAIN|6019191|81|2813095
EOSMAIN|5508011|82|2813096
EOSMAIN|5497230|83|2813097
EOSMAIN|22600519|84|2813098
EOSMAIN|22200845|85|2813099
EOSMAIN|17268115|86|2813100
EOSMAIN|5694769|87|2813101
EOSMAIN|5159901|88|2813102
EOSMAIN|5161777|89|2813103
EOSMAIN|5161791|90|2813104
EOSMAIN|5171112|91|2813105
EOSMAIN|6218097|92|2813106
EOSMAIN|5172855|93|2813107
EOSMAIN|5172870|94|2813108
EOSMAIN|5266339|95|2813109
EOSMAIN|5266368|96|2813110
EOSMAIN|5266977|97|2813111
EOSMAIN|5704784|98|2813112
EOSMAIN|5960514|99|2813113
EOSMAIN|5917063|100|2813114
