EOSMAIN|6419032|3601|2816615
EOSMAIN|6418990|3602|2816616
EOSMAIN|6418739|3603|2816617
EOSMAIN|6418603|3604|2816618
EOSMAIN|6405707|3605|2816619
EOSMAIN|6385205|3606|2816620
EOSMAIN|6378728|3607|2816621
EOSMAIN|6378665|3608|2816622
EOSMAIN|6378395|3609|2816623
EOSMAIN|6378314|3610|2816624
EOSMAIN|6378176|3611|2816625
EOSMAIN|6378035|3612|2816626
EOSMAIN|6377871|3613|2816627
EOSMAIN|6377731|3614|2816628
EOSMAIN|6376959|3615|2816629
EOSMAIN|6376877|3616|2816630
EOSMAIN|6376726|3617|2816631
EOSMAIN|6372821|3618|2816632
EOSMAIN|6372802|3619|2816633
EOSMAIN|6372736|3620|2816634
EOSMAIN|6372129|3621|2816635
EOSMAIN|6372072|3622|2816636
EOSMAIN|6366042|3623|2816637
EOSMAIN|6366023|3624|2816638
EOSMAIN|6365404|3625|2816639
EOSMAIN|6365357|3626|2816640
EOSMAIN|6365252|3627|2816641
EOSMAIN|6365161|3628|2816642
EOSMAIN|6365134|3629|2816643
EOSMAIN|6365094|3630|2816644
EOSMAIN|6365075|3631|2816645
EOSMAIN|6365057|3632|2816646
EOSMAIN|6365039|3633|2816647
EOSMAIN|6365021|3634|2816648
EOSMAIN|6365003|3635|2816649
EOSMAIN|6364971|3636|2816650
EOSMAIN|6364952|3637|2816651
EOSMAIN|6364411|3638|2816652
EOSMAIN|6364376|3639|2816653
EOSMAIN|6364340|3640|2816654
EOSMAIN|6364322|3641|2816655
EOSMAIN|6364304|3642|2816656
EOSMAIN|6361719|3643|2816657
EOSMAIN|6361630|3644|2816658
EOSMAIN|6361557|3645|2816659
EOSMAIN|6361509|3646|2816660
EOSMAIN|6360332|3647|2816661
EOSMAIN|6360091|3648|2816662
EOSMAIN|6360031|3649|2816663
EOSMAIN|6359985|3650|2816664
EOSMAIN|6359659|3651|2816665
EOSMAIN|6359580|3652|2816666
EOSMAIN|6359480|3653|2816667
EOSMAIN|6359437|3654|2816668
EOSMAIN|6359361|3655|2816669
EOSMAIN|6359209|3656|2816670
EOSMAIN|6359089|3657|2816671
EOSMAIN|6359054|3658|2816672
EOSMAIN|6359019|3659|2816673
EOSMAIN|6358926|3660|2816674
EOSMAIN|6358622|3661|2816675
EOSMAIN|6358601|3662|2816676
EOSMAIN|6358568|3663|2816677
EOSMAIN|6358546|3664|2816678
EOSMAIN|6358526|3665|2816679
EOSMAIN|6358491|3666|2816680
EOSMAIN|6358352|3667|2816681
EOSMAIN|6358330|3668|2816682
EOSMAIN|6358308|3669|2816683
EOSMAIN|6358286|3670|2816684
EOSMAIN|6358264|3671|2816685
EOSMAIN|6357736|3672|2816686
EOSMAIN|6357676|3673|2816687
EOSMAIN|6357574|3674|2816688
EOSMAIN|6355931|3675|2816689
EOSMAIN|6355829|3676|2816690
EOSMAIN|6355806|3677|2816691
EOSMAIN|6355660|3678|2816692
EOSMAIN|6355403|3679|2816693
EOSMAIN|6355378|3680|2816694
EOSMAIN|6355353|3681|2816695
EOSMAIN|6355328|3682|2816696
EOSMAIN|6355303|3683|2816697
EOSMAIN|6355278|3684|2816698
EOSMAIN|6355253|3685|2816699
EOSMAIN|6355228|3686|2816700
EOSMAIN|6355192|3687|2816701
EOSMAIN|6355085|3688|2816702
EOSMAIN|6355066|3689|2816703
EOSMAIN|6354966|3690|2816704
EOSMAIN|6354866|3691|2816705
EOSMAIN|6354681|3692|2816706
EOSMAIN|6354643|3693|2816707
EOSMAIN|6354624|3694|2816708
EOSMAIN|6354605|3695|2816709
EOSMAIN|6354206|3696|2816710
EOSMAIN|6353234|3697|2816711
EOSMAIN|6353177|3698|2816712
EOSMAIN|6352893|3699|2816713
EOSMAIN|6352791|3700|2816714
