EOSMAIN|5913711|3001|2816015
EOSMAIN|5913760|3002|2816016
EOSMAIN|5913817|3003|2816017
EOSMAIN|5930000|3004|2816018
EOSMAIN|5930047|3005|2816019
EOSMAIN|5930083|3006|2816020
EOSMAIN|5930117|3007|2816021
EOSMAIN|5930151|3008|2816022
EOSMAIN|5930221|3009|2816023
EOSMAIN|5950446|3010|2816024
EOSMAIN|5950469|3011|2816025
EOSMAIN|5950572|3012|2816026
EOSMAIN|5950635|3013|2816027
EOSMAIN|5950727|3014|2816028
EOSMAIN|5950799|3015|2816029
EOSMAIN|5950835|3016|2816030
EOSMAIN|5951843|3017|2816031
EOSMAIN|5951901|3018|2816032
EOSMAIN|5951924|3019|2816033
EOSMAIN|5952049|3020|2816034
EOSMAIN|5952071|3021|2816035
EOSMAIN|5954750|3022|2816036
EOSMAIN|5954776|3023|2816037
EOSMAIN|5968237|3024|2816038
EOSMAIN|5976280|3025|2816039
EOSMAIN|5976352|3026|2816040
EOSMAIN|5976408|3027|2816041
EOSMAIN|5976442|3028|2816042
EOSMAIN|5976467|3029|2816043
EOSMAIN|5976488|3030|2816044
EOSMAIN|5976537|3031|2816045
EOSMAIN|5976571|3032|2816046
EOSMAIN|5977937|3033|2816047
EOSMAIN|5994492|3034|2816048
EOSMAIN|5994529|3035|2816049
EOSMAIN|5994566|3036|2816050
EOSMAIN|5994703|3037|2816051
EOSMAIN|5994737|3038|2816052
EOSMAIN|5994786|3039|2816053
EOSMAIN|5994892|3040|2816054
EOSMAIN|5994961|3041|2816055
EOSMAIN|5995029|3042|2816056
EOSMAIN|5995051|3043|2816057
EOSMAIN|5995104|3044|2816058
EOSMAIN|5995083|3045|2816059
EOSMAIN|5995124|3046|2816060
EOSMAIN|5995144|3047|2816061
EOSMAIN|5995165|3048|2816062
EOSMAIN|5995191|3049|2816063
EOSMAIN|5995242|3050|2816064
EOSMAIN|5995424|3051|2816065
EOSMAIN|5995445|3052|2816066
EOSMAIN|5995466|3053|2816067
EOSMAIN|5995487|3054|2816068
EOSMAIN|5997453|3055|2816069
EOSMAIN|5995514|3056|2816070
EOSMAIN|5995536|3057|2816071
EOSMAIN|5995556|3058|2816072
EOSMAIN|5995576|3059|2816073
EOSMAIN|5995597|3060|2816074
EOSMAIN|5995617|3061|2816075
EOSMAIN|5995663|3062|2816076
EOSMAIN|5995726|3063|2816077
EOSMAIN|5995749|3064|2816078
EOSMAIN|5995771|3065|2816079
EOSMAIN|5995816|3066|2816080
EOSMAIN|5995866|3067|2816081
EOSMAIN|5995906|3068|2816082
EOSMAIN|5996088|3069|2816083
EOSMAIN|5996125|3070|2816084
EOSMAIN|5996155|3071|2816085
EOSMAIN|5996176|3072|2816086
EOSMAIN|5996365|3073|2816087
EOSMAIN|5996401|3074|2816088
EOSMAIN|5996471|3075|2816089
EOSMAIN|5996518|3076|2816090
EOSMAIN|5996553|3077|2816091
EOSMAIN|5996577|3078|2816092
EOSMAIN|5996608|3079|2816093
EOSMAIN|5996631|3080|2816094
EOSMAIN|5996654|3081|2816095
EOSMAIN|5996722|3082|2816096
EOSMAIN|5996797|3083|2816097
EOSMAIN|5997393|3084|2816098
EOSMAIN|5997504|3085|2816099
EOSMAIN|5997534|3086|2816100
EOSMAIN|5997564|3087|2816101
EOSMAIN|5997583|3088|2816102
EOSMAIN|5997613|3089|2816103
EOSMAIN|5997691|3090|2816104
EOSMAIN|5997721|3091|2816105
EOSMAIN|5997811|3092|2816106
EOSMAIN|5997841|3093|2816107
EOSMAIN|5997903|3094|2816108
EOSMAIN|5997924|3095|2816109
EOSMAIN|5997943|3096|2816110
EOSMAIN|5997962|3097|2816111
EOSMAIN|5997991|3098|2816112
EOSMAIN|5998021|3099|2816113
EOSMAIN|5998051|3100|2816114
