EOSMAIN|5453598|2601|2815615
EOSMAIN|5462627|2602|2815616
EOSMAIN|5462664|2603|2815617
EOSMAIN|5464703|2604|2815618
EOSMAIN|5464884|2605|2815619
EOSMAIN|5465886|2606|2815620
EOSMAIN|5465919|2607|2815621
EOSMAIN|5470835|2608|2815622
EOSMAIN|5470875|2609|2815623
EOSMAIN|5479603|2610|2815624
EOSMAIN|5479804|2611|2815625
EOSMAIN|5479824|2612|2815626
EOSMAIN|5482446|2613|2815627
EOSMAIN|5485665|2614|2815628
EOSMAIN|5486392|2615|2815629
EOSMAIN|5486418|2616|2815630
EOSMAIN|5486438|2617|2815631
EOSMAIN|5486458|2618|2815632
EOSMAIN|5487358|2619|2815633
EOSMAIN|5487389|2620|2815634
EOSMAIN|5487409|2621|2815635
EOSMAIN|5487876|2622|2815636
EOSMAIN|5490458|2623|2815637
EOSMAIN|5490491|2624|2815638
EOSMAIN|5490561|2625|2815639
EOSMAIN|5493340|2626|2815640
EOSMAIN|5493310|2627|2815641
EOSMAIN|5493390|2628|2815642
EOSMAIN|5493417|2629|2815643
EOSMAIN|5493444|2630|2815644
EOSMAIN|5493471|2631|2815645
EOSMAIN|5493516|2632|2815646
EOSMAIN|5493545|2633|2815647
EOSMAIN|5493574|2634|2815648
EOSMAIN|5493592|2635|2815649
EOSMAIN|5493654|2636|2815650
EOSMAIN|5500972|2637|2815651
EOSMAIN|5501102|2638|2815652
EOSMAIN|5501631|2639|2815653
EOSMAIN|5501655|2640|2815654
EOSMAIN|5501688|2641|2815655
EOSMAIN|5504019|2642|2815656
EOSMAIN|5504051|2643|2815657
EOSMAIN|5504106|2644|2815658
EOSMAIN|5504152|2645|2815659
EOSMAIN|5508031|2646|2815660
EOSMAIN|5508076|2647|2815661
EOSMAIN|5508170|2648|2815662
EOSMAIN|5515980|2649|2815663
EOSMAIN|5516012|2650|2815664
EOSMAIN|5516048|2651|2815665
EOSMAIN|5516073|2652|2815666
EOSMAIN|5516472|2653|2815667
EOSMAIN|5516502|2654|2815668
EOSMAIN|5516521|2655|2815669
EOSMAIN|5516551|2656|2815670
EOSMAIN|5516570|2657|2815671
EOSMAIN|5520854|2658|2815672
EOSMAIN|5524148|2659|2815673
EOSMAIN|5524182|2660|2815674
EOSMAIN|5524751|2661|2815675
EOSMAIN|5524772|2662|2815676
EOSMAIN|5525728|2663|2815677
EOSMAIN|5525796|2664|2815678
EOSMAIN|5525819|2665|2815679
EOSMAIN|5529081|2666|2815680
EOSMAIN|5529106|2667|2815681
EOSMAIN|5529127|2668|2815682
EOSMAIN|5529148|2669|2815683
EOSMAIN|5530240|2670|2815684
EOSMAIN|5530261|2671|2815685
EOSMAIN|5530284|2672|2815686
EOSMAIN|5532294|2673|2815687
EOSMAIN|5532328|2674|2815688
EOSMAIN|5532414|2675|2815689
EOSMAIN|5532471|2676|2815690
EOSMAIN|5532494|2677|2815691
EOSMAIN|5535615|2678|2815692
EOSMAIN|5535673|2679|2815693
EOSMAIN|5535707|2680|2815694
EOSMAIN|5535741|2681|2815695
EOSMAIN|5535788|2682|2815696
EOSMAIN|5535851|2683|2815697
EOSMAIN|5537513|2684|2815698
EOSMAIN|5537534|2685|2815699
EOSMAIN|5537580|2686|2815700
EOSMAIN|5537627|2687|2815701
EOSMAIN|5545174|2688|2815702
EOSMAIN|5546571|2689|2815703
EOSMAIN|5546605|2690|2815704
EOSMAIN|5546652|2691|2815705
EOSMAIN|5547525|2692|2815706
EOSMAIN|5547600|2693|2815707
EOSMAIN|5547623|2694|2815708
EOSMAIN|5547696|2695|2815709
EOSMAIN|5549198|2696|2815710
EOSMAIN|5549243|2697|2815711
EOSMAIN|5549266|2698|2815712
EOSMAIN|5549312|2699|2815713
EOSMAIN|5549342|2700|2815714
