EOSMAIN|5165923|1501|2814515
EOSMAIN|5165967|1502|2814516
EOSMAIN|5166000|1503|2814517
EOSMAIN|5166048|1504|2814518
EOSMAIN|5166066|1505|2814519
EOSMAIN|5166086|1506|2814520
EOSMAIN|5166104|1507|2814521
EOSMAIN|5166146|1508|2814522
EOSMAIN|5166186|1509|2814523
EOSMAIN|5166230|1510|2814524
EOSMAIN|5166250|1511|2814525
EOSMAIN|5166331|1512|2814526
EOSMAIN|5166370|1513|2814527
EOSMAIN|5166425|1514|2814528
EOSMAIN|5166488|1515|2814529
EOSMAIN|5166518|1516|2814530
EOSMAIN|5166560|1517|2814531
EOSMAIN|5166577|1518|2814532
EOSMAIN|5166594|1519|2814533
EOSMAIN|5166612|1520|2814534
EOSMAIN|5166669|1521|2814535
EOSMAIN|5166689|1522|2814536
EOSMAIN|5166733|1523|2814537
EOSMAIN|5166753|1524|2814538
EOSMAIN|5166771|1525|2814539
EOSMAIN|5166789|1526|2814540
EOSMAIN|5166820|1527|2814541
EOSMAIN|5166895|1528|2814542
EOSMAIN|5166931|1529|2814543
EOSMAIN|5166959|1530|2814544
EOSMAIN|5166988|1531|2814545
EOSMAIN|5167007|1532|2814546
EOSMAIN|5167025|1533|2814547
EOSMAIN|5167072|1534|2814548
EOSMAIN|5167092|1535|2814549
EOSMAIN|5167123|1536|2814550
EOSMAIN|5167156|1537|2814551
EOSMAIN|5167209|1538|2814552
EOSMAIN|5167245|1539|2814553
EOSMAIN|5167308|1540|2814554
EOSMAIN|5167339|1541|2814555
EOSMAIN|5167382|1542|2814556
EOSMAIN|5167401|1543|2814557
EOSMAIN|5167418|1544|2814558
EOSMAIN|5167507|1545|2814559
EOSMAIN|5167525|1546|2814560
EOSMAIN|5167558|1547|2814561
EOSMAIN|5167590|1548|2814562
EOSMAIN|5167620|1549|2814563
EOSMAIN|5167641|1550|2814564
EOSMAIN|5167658|1551|2814565
EOSMAIN|5167688|1552|2814566
EOSMAIN|5167707|1553|2814567
EOSMAIN|5167776|1554|2814568
EOSMAIN|5167831|1555|2814569
EOSMAIN|5167886|1556|2814570
EOSMAIN|5167916|1557|2814571
EOSMAIN|5167933|1558|2814572
EOSMAIN|5167963|1559|2814573
EOSMAIN|5167982|1560|2814574
EOSMAIN|5168031|1561|2814575
EOSMAIN|5168072|1562|2814576
EOSMAIN|5168101|1563|2814577
EOSMAIN|5168137|1564|2814578
EOSMAIN|5168157|1565|2814579
EOSMAIN|5168236|1566|2814580
EOSMAIN|5168270|1567|2814581
EOSMAIN|5168394|1568|2814582
EOSMAIN|5168411|1569|2814583
EOSMAIN|5168429|1570|2814584
EOSMAIN|5168471|1571|2814585
EOSMAIN|5168489|1572|2814586
EOSMAIN|5168520|1573|2814587
EOSMAIN|5168537|1574|2814588
EOSMAIN|5168558|1575|2814589
EOSMAIN|5168588|1576|2814590
EOSMAIN|5168624|1577|2814591
EOSMAIN|5168658|1578|2814592
EOSMAIN|5168677|1579|2814593
EOSMAIN|5168784|1580|2814594
EOSMAIN|5168815|1581|2814595
EOSMAIN|5168899|1582|2814596
EOSMAIN|5168927|1583|2814597
EOSMAIN|5168957|1584|2814598
EOSMAIN|5168990|1585|2814599
EOSMAIN|5169074|1586|2814600
EOSMAIN|5169117|1587|2814601
EOSMAIN|5169139|1588|2814602
EOSMAIN|5169175|1589|2814603
EOSMAIN|5169204|1590|2814604
EOSMAIN|5169237|1591|2814605
EOSMAIN|5169266|1592|2814606
EOSMAIN|5169287|1593|2814607
EOSMAIN|5169305|1594|2814608
EOSMAIN|5169323|1595|2814609
EOSMAIN|5169356|1596|2814610
EOSMAIN|5169393|1597|2814611
EOSMAIN|5169430|1598|2814612
EOSMAIN|5169459|1599|2814613
EOSMAIN|5169506|1600|2814614
