EOSMAIN|5170198|301|2813315
EOSMAIN|5170248|302|2813316
EOSMAIN|5170305|303|2813317
EOSMAIN|5170394|304|2813318
EOSMAIN|5170607|305|2813319
EOSMAIN|5170654|306|2813320
EOSMAIN|5170738|307|2813321
EOSMAIN|5170892|308|2813322
EOSMAIN|5171064|309|2813323
EOSMAIN|5171364|310|2813324
EOSMAIN|5172046|311|2813325
EOSMAIN|5172704|312|2813326
EOSMAIN|5172969|313|2813327
EOSMAIN|5260342|314|2813328
EOSMAIN|5265020|315|2813329
EOSMAIN|5265158|316|2813330
EOSMAIN|5265280|317|2813331
EOSMAIN|5280241|318|2813332
EOSMAIN|5281720|319|2813333
EOSMAIN|5297105|320|2813334
EOSMAIN|5297199|321|2813335
EOSMAIN|5322321|322|2813336
EOSMAIN|5323852|323|2813337
EOSMAIN|5572733|324|2813338
EOSMAIN|5331930|325|2813339
EOSMAIN|5332877|326|2813340
EOSMAIN|5332905|327|2813341
EOSMAIN|5340531|328|2813342
EOSMAIN|5340561|329|2813343
EOSMAIN|5368646|330|2813344
EOSMAIN|5448331|331|2813345
EOSMAIN|5458865|332|2813346
EOSMAIN|5471943|333|2813347
EOSMAIN|5493141|334|2813348
EOSMAIN|5493248|335|2813349
EOSMAIN|5976122|336|2813350
EOSMAIN|5551342|337|2813351
EOSMAIN|5554581|338|2813352
EOSMAIN|5579251|339|2813353
EOSMAIN|5590223|340|2813354
EOSMAIN|5621507|341|2813355
EOSMAIN|5724004|342|2813356
EOSMAIN|5803881|343|2813357
EOSMAIN|5803966|344|2813358
EOSMAIN|5818432|345|2813359
EOSMAIN|5819416|346|2813360
EOSMAIN|5819435|347|2813361
EOSMAIN|5831884|348|2813362
EOSMAIN|6008793|349|2813363
EOSMAIN|5843710|350|2813364
EOSMAIN|5853260|351|2813365
EOSMAIN|5853278|352|2813366
EOSMAIN|5867871|353|2813367
EOSMAIN|5929889|354|2813368
EOSMAIN|5929854|355|2813369
EOSMAIN|5929912|356|2813370
EOSMAIN|5959122|357|2813371
EOSMAIN|6033385|358|2813372
EOSMAIN|5804034|359|2813373
EOSMAIN|6356066|360|2813374
EOSMAIN|19278050|361|2813375
EOSMAIN|12844982|362|2813376
EOSMAIN|6245645|363|2813377
EOSMAIN|5827134|364|2813378
EOSMAIN|5733083|365|2813379
EOSMAIN|5162099|366|2813380
EOSMAIN|5036466|367|2813381
EOSMAIN|5162033|368|2813382
EOSMAIN|5161983|369|2813383
EOSMAIN|5670493|370|2813384
EOSMAIN|5533986|371|2813385
EOSMAIN|5499289|372|2813386
EOSMAIN|5497185|373|2813387
EOSMAIN|5498274|374|2813388
EOSMAIN|5670476|375|2813389
EOSMAIN|5356765|376|2813390
EOSMAIN|5265265|377|2813391
EOSMAIN|5310157|378|2813392
EOSMAIN|5036522|379|2813393
EOSMAIN|5162067|380|2813394
EOSMAIN|22819164|381|2813395
EOSMAIN|17347324|382|2813396
EOSMAIN|5170218|383|2813397
EOSMAIN|6418685|384|2813398
EOSMAIN|22693709|385|2813399
EOSMAIN|22667662|386|2813400
EOSMAIN|22656564|387|2813401
EOSMAIN|22635303|388|2813402
EOSMAIN|22634103|389|2813403
EOSMAIN|22621421|390|2813404
EOSMAIN|22600664|391|2813405
EOSMAIN|22546689|392|2813406
EOSMAIN|22279148|393|2813407
EOSMAIN|11672334|394|2813408
EOSMAIN|10592537|395|2813409
EOSMAIN|10592517|396|2813410
EOSMAIN|10592479|397|2813411
EOSMAIN|6422392|398|2813412
EOSMAIN|6377061|399|2813413
EOSMAIN|6304511|400|2813414
