EOSMAIN|5662230|2801|2815815
EOSMAIN|5662266|2802|2815816
EOSMAIN|5662289|2803|2815817
EOSMAIN|5662325|2804|2815818
EOSMAIN|5665251|2805|2815819
EOSMAIN|5665283|2806|2815820
EOSMAIN|5665345|2807|2815821
EOSMAIN|5665400|2808|2815822
EOSMAIN|5665436|2809|2815823
EOSMAIN|5665459|2810|2815824
EOSMAIN|5668496|2811|2815825
EOSMAIN|5674312|2812|2815826
EOSMAIN|5674335|2813|2815827
EOSMAIN|5674356|2814|2815828
EOSMAIN|5674392|2815|2815829
EOSMAIN|5674437|2816|2815830
EOSMAIN|5674486|2817|2815831
EOSMAIN|5683746|2818|2815832
EOSMAIN|5683795|2819|2815833
EOSMAIN|5696248|2820|2815834
EOSMAIN|5696286|2821|2815835
EOSMAIN|5696315|2822|2815836
EOSMAIN|5696336|2823|2815837
EOSMAIN|5696408|2824|2815838
EOSMAIN|5696446|2825|2815839
EOSMAIN|5696482|2826|2815840
EOSMAIN|5696518|2827|2815841
EOSMAIN|5696569|2828|2815842
EOSMAIN|5696719|2829|2815843
EOSMAIN|5696757|2830|2815844
EOSMAIN|5696784|2831|2815845
EOSMAIN|5699644|2832|2815846
EOSMAIN|5703682|2833|2815847
EOSMAIN|5703704|2834|2815848
EOSMAIN|5703846|2835|2815849
EOSMAIN|5703869|2836|2815850
EOSMAIN|5703918|2837|2815851
EOSMAIN|5703978|2838|2815852
EOSMAIN|5704014|2839|2815853
EOSMAIN|5719504|2840|2815854
EOSMAIN|5719525|2841|2815855
EOSMAIN|5719546|2842|2815856
EOSMAIN|5719584|2843|2815857
EOSMAIN|5719622|2844|2815858
EOSMAIN|5719645|2845|2815859
EOSMAIN|5719694|2846|2815860
EOSMAIN|5719760|2847|2815861
EOSMAIN|5719796|2848|2815862
EOSMAIN|5719830|2849|2815863
EOSMAIN|5719908|2850|2815864
EOSMAIN|5724051|2851|2815865
EOSMAIN|5724072|2852|2815866
EOSMAIN|5724148|2853|2815867
EOSMAIN|5724197|2854|2815868
EOSMAIN|5724224|2855|2815869
EOSMAIN|5724247|2856|2815870
EOSMAIN|5724283|2857|2815871
EOSMAIN|5724342|2858|2815872
EOSMAIN|5725709|2859|2815873
EOSMAIN|5725754|2860|2815874
EOSMAIN|5729325|2861|2815875
EOSMAIN|5729349|2862|2815876
EOSMAIN|5729391|2863|2815877
EOSMAIN|5729425|2864|2815878
EOSMAIN|5729446|2865|2815879
EOSMAIN|5731650|2866|2815880
EOSMAIN|5731676|2867|2815881
EOSMAIN|5731739|2868|2815882
EOSMAIN|5731760|2869|2815883
EOSMAIN|5731798|2870|2815884
EOSMAIN|5731832|2871|2815885
EOSMAIN|5731868|2872|2815886
EOSMAIN|5731902|2873|2815887
EOSMAIN|5735922|2874|2815888
EOSMAIN|5735942|2875|2815889
EOSMAIN|5737141|2876|2815890
EOSMAIN|5737165|2877|2815891
EOSMAIN|5737199|2878|2815892
EOSMAIN|5743629|2879|2815893
EOSMAIN|5743650|2880|2815894
EOSMAIN|5743675|2881|2815895
EOSMAIN|5743709|2882|2815896
EOSMAIN|5743743|2883|2815897
EOSMAIN|5743832|2884|2815898
EOSMAIN|5743859|2885|2815899
EOSMAIN|5743895|2886|2815900
EOSMAIN|5743931|2887|2815901
EOSMAIN|5743967|2888|2815902
EOSMAIN|5743994|2889|2815903
EOSMAIN|5748625|2890|2815904
EOSMAIN|5748672|2891|2815905
EOSMAIN|5748701|2892|2815906
EOSMAIN|5748739|2893|2815907
EOSMAIN|5748773|2894|2815908
EOSMAIN|5748798|2895|2815909
EOSMAIN|5748825|2896|2815910
EOSMAIN|5751005|2897|2815911
EOSMAIN|5751028|2898|2815912
EOSMAIN|5756073|2899|2815913
EOSMAIN|5756094|2900|2815914
