EOSMAIN|5037934|601|2813615
EOSMAIN|5037961|602|2813616
EOSMAIN|5037988|603|2813617
EOSMAIN|5038069|604|2813618
EOSMAIN|5038123|605|2813619
EOSMAIN|5038177|606|2813620
EOSMAIN|5038221|607|2813621
EOSMAIN|5038513|608|2813622
EOSMAIN|5159706|609|2813623
EOSMAIN|5159748|610|2813624
EOSMAIN|5159795|611|2813625
EOSMAIN|5159859|612|2813626
EOSMAIN|5159880|613|2813627
EOSMAIN|5160004|614|2813628
EOSMAIN|5160052|615|2813629
EOSMAIN|5160111|616|2813630
EOSMAIN|5160161|617|2813631
EOSMAIN|5160326|618|2813632
EOSMAIN|5160408|619|2813633
EOSMAIN|5160427|620|2813634
EOSMAIN|5160464|621|2813635
EOSMAIN|5160517|622|2813636
EOSMAIN|5160535|623|2813637
EOSMAIN|5160583|624|2813638
EOSMAIN|5160601|625|2813639
EOSMAIN|5160701|626|2813640
EOSMAIN|5160721|627|2813641
EOSMAIN|5160750|628|2813642
EOSMAIN|5160769|629|2813643
EOSMAIN|5160798|630|2813644
EOSMAIN|5160814|631|2813645
EOSMAIN|5160921|632|2813646
EOSMAIN|5161060|633|2813647
EOSMAIN|5161133|634|2813648
EOSMAIN|5161151|635|2813649
EOSMAIN|5161247|636|2813650
EOSMAIN|5161294|637|2813651
EOSMAIN|5161312|638|2813652
EOSMAIN|5161348|639|2813653
EOSMAIN|5161366|640|2813654
EOSMAIN|5161429|641|2813655
EOSMAIN|5161446|642|2813656
EOSMAIN|5161464|643|2813657
EOSMAIN|5161494|644|2813658
EOSMAIN|5161512|645|2813659
EOSMAIN|5161647|646|2813660
EOSMAIN|5161665|647|2813661
EOSMAIN|5161695|648|2813662
EOSMAIN|5169774|649|2813663
EOSMAIN|5169805|650|2813664
EOSMAIN|5169839|651|2813665
EOSMAIN|5170018|652|2813666
EOSMAIN|5170112|653|2813667
EOSMAIN|5170167|654|2813668
EOSMAIN|5170349|655|2813669
EOSMAIN|5170511|656|2813670
EOSMAIN|5170560|657|2813671
EOSMAIN|5170588|658|2813672
EOSMAIN|5170756|659|2813673
EOSMAIN|5170786|660|2813674
EOSMAIN|5170819|661|2813675
EOSMAIN|5170873|662|2813676
EOSMAIN|5170909|663|2813677
EOSMAIN|5171014|664|2813678
EOSMAIN|6117055|665|2813679
EOSMAIN|6191654|666|2813680
EOSMAIN|5171192|667|2813681
EOSMAIN|5171211|668|2813682
EOSMAIN|5171249|669|2813683
EOSMAIN|5171384|670|2813684
EOSMAIN|5171398|671|2813685
EOSMAIN|5171412|672|2813686
EOSMAIN|5171427|673|2813687
EOSMAIN|5171442|674|2813688
EOSMAIN|5171456|675|2813689
EOSMAIN|5171470|676|2813690
EOSMAIN|5171484|677|2813691
EOSMAIN|5171499|678|2813692
EOSMAIN|5171513|679|2813693
EOSMAIN|5171528|680|2813694
EOSMAIN|5171542|681|2813695
EOSMAIN|5171557|682|2813696
EOSMAIN|5171571|683|2813697
EOSMAIN|5171585|684|2813698
EOSMAIN|5171599|685|2813699
EOSMAIN|5171613|686|2813700
EOSMAIN|5171627|687|2813701
EOSMAIN|5171641|688|2813702
EOSMAIN|5171838|689|2813703
EOSMAIN|5171854|690|2813704
EOSMAIN|5171870|691|2813705
EOSMAIN|5171886|692|2813706
EOSMAIN|5171902|693|2813707
EOSMAIN|5171918|694|2813708
EOSMAIN|5171934|695|2813709
EOSMAIN|5171950|696|2813710
EOSMAIN|5171966|697|2813711
EOSMAIN|5171982|698|2813712
EOSMAIN|5171998|699|2813713
EOSMAIN|5172014|700|2813714
