EOSMAIN|5449349|2001|2815015
EOSMAIN|5451057|2002|2815016
EOSMAIN|5451436|2003|2815017
EOSMAIN|5453486|2004|2815018
EOSMAIN|5453578|2005|2815019
EOSMAIN|5453618|2006|2815020
EOSMAIN|5453638|2007|2815021
EOSMAIN|5453695|2008|2815022
EOSMAIN|5457587|2009|2815023
EOSMAIN|5458487|2010|2815024
EOSMAIN|5459637|2011|2815025
EOSMAIN|5459659|2012|2815026
EOSMAIN|5461739|2013|2815027
EOSMAIN|5461824|2014|2815028
EOSMAIN|5461868|2015|2815029
EOSMAIN|5462596|2016|2815030
EOSMAIN|5468206|2017|2815031
EOSMAIN|5468241|2018|2815032
EOSMAIN|5468913|2019|2815033
EOSMAIN|5477906|2020|2815034
EOSMAIN|5477926|2021|2815035
EOSMAIN|5478409|2022|2815036
EOSMAIN|5479623|2023|2815037
EOSMAIN|5482503|2024|2815038
EOSMAIN|5482523|2025|2815039
EOSMAIN|5493157|2026|2815040
EOSMAIN|5493675|2027|2815041
EOSMAIN|5493361|2028|2815042
EOSMAIN|5500952|2029|2815043
EOSMAIN|5516396|2030|2815044
EOSMAIN|5517031|2031|2815045
EOSMAIN|5520822|2032|2815046
EOSMAIN|5529047|2033|2815047
EOSMAIN|5549220|2034|2815048
EOSMAIN|5550366|2035|2815049
EOSMAIN|5558375|2036|2815050
EOSMAIN|5597059|2037|2815051
EOSMAIN|5613724|2038|2815052
EOSMAIN|5618926|2039|2815053
EOSMAIN|5618951|2040|2815054
EOSMAIN|5622115|2041|2815055
EOSMAIN|5622134|2042|2815056
EOSMAIN|5719419|2043|2815057
EOSMAIN|5724319|2044|2815058
EOSMAIN|5750961|2045|2815059
EOSMAIN|5756143|2046|2815060
EOSMAIN|5803791|2047|2815061
EOSMAIN|5818411|2048|2815062
EOSMAIN|5818909|2049|2815063
EOSMAIN|5994235|2050|2815064
EOSMAIN|5836910|2051|2815065
EOSMAIN|5860098|2052|2815066
EOSMAIN|5853313|2053|2815067
EOSMAIN|5860176|2054|2815068
EOSMAIN|5888450|2055|2815069
EOSMAIN|5908720|2056|2815070
EOSMAIN|5908797|2057|2815071
EOSMAIN|5951826|2058|2815072
EOSMAIN|5954887|2059|2815073
EOSMAIN|5954945|2060|2815074
EOSMAIN|5954968|2061|2815075
EOSMAIN|5968006|2062|2815076
EOSMAIN|5968105|2063|2815077
EOSMAIN|5968169|2064|2815078
EOSMAIN|5976145|2065|2815079
EOSMAIN|5976183|2066|2815080
EOSMAIN|5976208|2067|2815081
EOSMAIN|5976231|2068|2815082
EOSMAIN|5976385|2069|2815083
EOSMAIN|5978239|2070|2815084
EOSMAIN|5038417|2071|2815085
EOSMAIN|5038437|2072|2815086
EOSMAIN|5996762|2073|2815087
EOSMAIN|5996888|2074|2815088
EOSMAIN|5996923|2075|2815089
EOSMAIN|5996947|2076|2815090
EOSMAIN|5996971|2077|2815091
EOSMAIN|5996993|2078|2815092
EOSMAIN|5997016|2079|2815093
EOSMAIN|5997161|2080|2815094
EOSMAIN|5997186|2081|2815095
EOSMAIN|5997219|2082|2815096
EOSMAIN|5997254|2083|2815097
EOSMAIN|5997299|2084|2815098
EOSMAIN|5997423|2085|2815099
EOSMAIN|5997651|2086|2815100
EOSMAIN|6019066|2087|2815101
EOSMAIN|6020447|2088|2815102
EOSMAIN|6020748|2089|2815103
EOSMAIN|6020812|2090|2815104
EOSMAIN|6020850|2091|2815105
EOSMAIN|6021651|2092|2815106
EOSMAIN|6022027|2093|2815107
EOSMAIN|6022058|2094|2815108
EOSMAIN|6030939|2095|2815109
EOSMAIN|6033354|2096|2815110
EOSMAIN|6364532|2097|2815111
EOSMAIN|6364644|2098|2815112
EOSMAIN|5736030|2099|2815113
EOSMAIN|5244682|2100|2815114
