EOSMAIN|6242941|3801|2816815
EOSMAIN|6242884|3802|2816816
EOSMAIN|6241047|3803|2816817
EOSMAIN|6228529|3804|2816818
EOSMAIN|6217611|3805|2816819
EOSMAIN|6213337|3806|2816820
EOSMAIN|6213255|3807|2816821
EOSMAIN|6213116|3808|2816822
EOSMAIN|6212315|3809|2816823
EOSMAIN|6212290|3810|2816824
EOSMAIN|6212265|3811|2816825
EOSMAIN|6212171|3812|2816826
EOSMAIN|6212131|3813|2816827
EOSMAIN|6212056|3814|2816828
EOSMAIN|6211954|3815|2816829
EOSMAIN|6211860|3816|2816830
EOSMAIN|6211767|3817|2816831
EOSMAIN|6211731|3818|2816832
EOSMAIN|6211683|3819|2816833
EOSMAIN|6211635|3820|2816834
EOSMAIN|6211359|3821|2816835
EOSMAIN|6211236|3822|2816836
EOSMAIN|6211154|3823|2816837
EOSMAIN|6211098|3824|2816838
EOSMAIN|6211042|3825|2816839
EOSMAIN|6210977|3826|2816840
EOSMAIN|6210959|3827|2816841
EOSMAIN|6210921|3828|2816842
EOSMAIN|6210823|3829|2816843
EOSMAIN|6191979|3830|2816844
EOSMAIN|6191907|3831|2816845
EOSMAIN|6191717|3832|2816846
EOSMAIN|6191673|3833|2816847
EOSMAIN|6186831|3834|2816848
EOSMAIN|6185305|3835|2816849
EOSMAIN|6183157|3836|2816850
EOSMAIN|6181839|3837|2816851
EOSMAIN|6181454|3838|2816852
EOSMAIN|6180810|3839|2816853
EOSMAIN|6178892|3840|2816854
EOSMAIN|6178675|3841|2816855
EOSMAIN|6178082|3842|2816856
EOSMAIN|6173375|3843|2816857
EOSMAIN|6173335|3844|2816858
EOSMAIN|6173260|3845|2816859
EOSMAIN|6173213|3846|2816860
EOSMAIN|6173100|3847|2816861
EOSMAIN|6172895|3848|2816862
EOSMAIN|6172857|3849|2816863
EOSMAIN|6172791|3850|2816864
EOSMAIN|6172705|3851|2816865
EOSMAIN|6172639|3852|2816866
EOSMAIN|6172231|3853|2816867
EOSMAIN|6172131|3854|2816868
EOSMAIN|6172067|3855|2816869
EOSMAIN|6172041|3856|2816870
EOSMAIN|6171790|3857|2816871
EOSMAIN|6171743|3858|2816872
EOSMAIN|6171721|3859|2816873
EOSMAIN|6171655|3860|2816874
EOSMAIN|6171620|3861|2816875
EOSMAIN|6170292|3862|2816876
EOSMAIN|6138509|3863|2816877
EOSMAIN|6138302|3864|2816878
EOSMAIN|6137930|3865|2816879
EOSMAIN|6137909|3866|2816880
EOSMAIN|6137862|3867|2816881
EOSMAIN|6137129|3868|2816882
EOSMAIN|6121082|3869|2816883
EOSMAIN|6117313|3870|2816884
EOSMAIN|6117281|3871|2816885
EOSMAIN|6117249|3872|2816886
EOSMAIN|6117214|3873|2816887
EOSMAIN|6117175|3874|2816888
EOSMAIN|6116864|3875|2816889
EOSMAIN|6115786|3876|2816890
EOSMAIN|6112272|3877|2816891
EOSMAIN|6106836|3878|2816892
EOSMAIN|6106557|3879|2816893
EOSMAIN|6099972|3880|2816894
EOSMAIN|6099940|3881|2816895
EOSMAIN|6099858|3882|2816896
EOSMAIN|6099670|3883|2816897
EOSMAIN|6099603|3884|2816898
EOSMAIN|6099569|3885|2816899
EOSMAIN|6099214|3886|2816900
EOSMAIN|6099192|3887|2816901
EOSMAIN|6096568|3888|2816902
EOSMAIN|6092162|3889|2816903
EOSMAIN|6092103|3890|2816904
EOSMAIN|6092023|3891|2816905
EOSMAIN|6091999|3892|2816906
EOSMAIN|6091876|3893|2816907
EOSMAIN|6091841|3894|2816908
EOSMAIN|6091771|3895|2816909
EOSMAIN|6090817|3896|2816910
EOSMAIN|6085684|3897|2816911
EOSMAIN|6072998|3898|2816912
EOSMAIN|6072966|3899|2816913
EOSMAIN|6072942|3900|2816914
