EOSMAIN|6022279|2301|2815315
EOSMAIN|6030904|2302|2815316
EOSMAIN|6030922|2303|2815317
EOSMAIN|6364499|2304|2815318
EOSMAIN|6364581|2305|2815319
EOSMAIN|22681547|2306|2815320
EOSMAIN|17552016|2307|2815321
EOSMAIN|6464010|2308|2815322
EOSMAIN|22693942|2309|2815323
EOSMAIN|22658952|2310|2815324
EOSMAIN|22656451|2311|2815325
EOSMAIN|22656423|2312|2815326
EOSMAIN|22638918|2313|2815327
EOSMAIN|22633901|2314|2815328
EOSMAIN|22600333|2315|2815329
EOSMAIN|22589981|2316|2815330
EOSMAIN|22587322|2317|2815331
EOSMAIN|22587024|2318|2815332
EOSMAIN|22547431|2319|2815333
EOSMAIN|22546429|2320|2815334
EOSMAIN|22518193|2321|2815335
EOSMAIN|22511385|2322|2815336
EOSMAIN|22510123|2323|2815337
EOSMAIN|22505604|2324|2815338
EOSMAIN|22504239|2325|2815339
EOSMAIN|22482579|2326|2815340
EOSMAIN|22481247|2327|2815341
EOSMAIN|22480938|2328|2815342
EOSMAIN|22479899|2329|2815343
EOSMAIN|22456351|2330|2815344
EOSMAIN|22456303|2331|2815345
EOSMAIN|22449525|2332|2815346
EOSMAIN|22415015|2333|2815347
EOSMAIN|22407902|2334|2815348
EOSMAIN|22406273|2335|2815349
EOSMAIN|22403006|2336|2815350
EOSMAIN|22367899|2337|2815351
EOSMAIN|22356895|2338|2815352
EOSMAIN|22339627|2339|2815353
EOSMAIN|22332413|2340|2815354
EOSMAIN|22332385|2341|2815355
EOSMAIN|22332208|2342|2815356
EOSMAIN|22312334|2343|2815357
EOSMAIN|22301444|2344|2815358
EOSMAIN|22298546|2345|2815359
EOSMAIN|22228751|2346|2815360
EOSMAIN|22200627|2347|2815361
EOSMAIN|22188149|2348|2815362
EOSMAIN|22160341|2349|2815363
EOSMAIN|22160015|2350|2815364
EOSMAIN|20736495|2351|2815365
EOSMAIN|20715177|2352|2815366
EOSMAIN|20715032|2353|2815367
EOSMAIN|20665725|2354|2815368
EOSMAIN|19306664|2355|2815369
EOSMAIN|19301344|2356|2815370
EOSMAIN|19300785|2357|2815371
EOSMAIN|19279365|2358|2815372
EOSMAIN|19277818|2359|2815373
EOSMAIN|19277793|2360|2815374
EOSMAIN|19129789|2361|2815375
EOSMAIN|19127923|2362|2815376
EOSMAIN|19106562|2363|2815377
EOSMAIN|19106365|2364|2815378
EOSMAIN|19086665|2365|2815379
EOSMAIN|19086130|2366|2815380
EOSMAIN|17870918|2367|2815381
EOSMAIN|17794735|2368|2815382
EOSMAIN|17763096|2369|2815383
EOSMAIN|17763044|2370|2815384
EOSMAIN|17739903|2371|2815385
EOSMAIN|17684671|2372|2815386
EOSMAIN|17659625|2373|2815387
EOSMAIN|17640124|2374|2815388
EOSMAIN|17564777|2375|2815389
EOSMAIN|17550875|2376|2815390
EOSMAIN|17470649|2377|2815391
EOSMAIN|17467626|2378|2815392
EOSMAIN|17466816|2379|2815393
EOSMAIN|17450353|2380|2815394
EOSMAIN|17375011|2381|2815395
EOSMAIN|17347265|2382|2815396
EOSMAIN|17347244|2383|2815397
EOSMAIN|17347183|2384|2815398
EOSMAIN|17321820|2385|2815399
EOSMAIN|17297189|2386|2815400
EOSMAIN|17297126|2387|2815401
EOSMAIN|17279686|2388|2815402
EOSMAIN|15094710|2389|2815403
EOSMAIN|15073260|2390|2815404
EOSMAIN|13997227|2391|2815405
EOSMAIN|13943497|2392|2815406
EOSMAIN|12839783|2393|2815407
EOSMAIN|12754178|2394|2815408
EOSMAIN|11695786|2395|2815409
EOSMAIN|11695739|2396|2815410
EOSMAIN|11682502|2397|2815411
EOSMAIN|10595862|2398|2815412
EOSMAIN|10593572|2399|2815413
EOSMAIN|10593551|2400|2815414
