EOSMAIN|17467692|3401|2816415
EOSMAIN|17464929|3402|2816416
EOSMAIN|17464457|3403|2816417
EOSMAIN|17464217|3404|2816418
EOSMAIN|17443591|3405|2816419
EOSMAIN|17440106|3406|2816420
EOSMAIN|17439187|3407|2816421
EOSMAIN|17429784|3408|2816422
EOSMAIN|17400443|3409|2816423
EOSMAIN|17348816|3410|2816424
EOSMAIN|17347205|3411|2816425
EOSMAIN|17344414|3412|2816426
EOSMAIN|17312073|3413|2816427
EOSMAIN|15101231|3414|2816428
EOSMAIN|15072249|3415|2816429
EOSMAIN|12844422|3416|2816430
EOSMAIN|12816368|3417|2816431
EOSMAIN|12793865|3418|2816432
EOSMAIN|11692829|3419|2816433
EOSMAIN|11681602|3420|2816434
EOSMAIN|11681567|3421|2816435
EOSMAIN|11681426|3422|2816436
EOSMAIN|11681337|3423|2816437
EOSMAIN|11672398|3424|2816438
EOSMAIN|10593713|3425|2816439
EOSMAIN|10593614|3426|2816440
EOSMAIN|10593592|3427|2816441
EOSMAIN|9542253|3428|2816442
EOSMAIN|9533603|3429|2816443
EOSMAIN|9533509|3430|2816444
EOSMAIN|9533479|3431|2816445
EOSMAIN|9533417|3432|2816446
EOSMAIN|9533270|3433|2816447
EOSMAIN|9533135|3434|2816448
EOSMAIN|9532973|3435|2816449
EOSMAIN|9532691|3436|2816450
EOSMAIN|9532439|3437|2816451
EOSMAIN|9532325|3438|2816452
EOSMAIN|9514450|3439|2816453
EOSMAIN|9507873|3440|2816454
EOSMAIN|9507756|3441|2816455
EOSMAIN|9507672|3442|2816456
EOSMAIN|9507585|3443|2816457
EOSMAIN|9502499|3444|2816458
EOSMAIN|9494870|3445|2816459
EOSMAIN|9494701|3446|2816460
EOSMAIN|9494641|3447|2816461
EOSMAIN|9493423|3448|2816462
EOSMAIN|9493357|3449|2816463
EOSMAIN|9493222|3450|2816464
EOSMAIN|9491203|3451|2816465
EOSMAIN|9491182|3452|2816466
EOSMAIN|9491144|3453|2816467
EOSMAIN|9480365|3454|2816468
EOSMAIN|9480271|3455|2816469
EOSMAIN|9480160|3456|2816470
EOSMAIN|9436101|3457|2816471
EOSMAIN|9436068|3458|2816472
EOSMAIN|9436035|3459|2816473
EOSMAIN|9436001|3460|2816474
EOSMAIN|9435935|3461|2816475
EOSMAIN|9432490|3462|2816476
EOSMAIN|8405289|3463|2816477
EOSMAIN|8383809|3464|2816478
EOSMAIN|8381868|3465|2816479
EOSMAIN|6509849|3466|2816480
EOSMAIN|6509354|3467|2816481
EOSMAIN|6509306|3468|2816482
EOSMAIN|6500754|3469|2816483
EOSMAIN|6500681|3470|2816484
EOSMAIN|6500504|3471|2816485
EOSMAIN|6500447|3472|2816486
EOSMAIN|6500384|3473|2816487
EOSMAIN|6500360|3474|2816488
EOSMAIN|6499999|3475|2816489
EOSMAIN|6499675|3476|2816490
EOSMAIN|6499613|3477|2816491
EOSMAIN|6499449|3478|2816492
EOSMAIN|6499328|3479|2816493
EOSMAIN|6498966|3480|2816494
EOSMAIN|6498933|3481|2816495
EOSMAIN|6498898|3482|2816496
EOSMAIN|6498865|3483|2816497
EOSMAIN|6498808|3484|2816498
EOSMAIN|6498731|3485|2816499
EOSMAIN|6498710|3486|2816500
EOSMAIN|6488545|3487|2816501
EOSMAIN|6486580|3488|2816502
EOSMAIN|6486559|3489|2816503
EOSMAIN|6486538|3490|2816504
EOSMAIN|6486517|3491|2816505
EOSMAIN|6486496|3492|2816506
EOSMAIN|6486475|3493|2816507
EOSMAIN|6486454|3494|2816508
EOSMAIN|6486433|3495|2816509
EOSMAIN|6486412|3496|2816510
EOSMAIN|6486262|3497|2816511
EOSMAIN|6485975|3498|2816512
EOSMAIN|6485926|3499|2816513
EOSMAIN|6485607|3500|2816514
