EOSMAIN|5756172|2901|2815915
EOSMAIN|5756230|2902|2815916
EOSMAIN|5756253|2903|2815917
EOSMAIN|5756300|2904|2815918
EOSMAIN|5759193|2905|2815919
EOSMAIN|5767226|2906|2815920
EOSMAIN|5767247|2907|2815921
EOSMAIN|5767272|2908|2815922
EOSMAIN|5767293|2909|2815923
EOSMAIN|5767320|2910|2815924
EOSMAIN|5768225|2911|2815925
EOSMAIN|5771327|2912|2815926
EOSMAIN|5776105|2913|2815927
EOSMAIN|5777519|2914|2815928
EOSMAIN|5777540|2915|2815929
EOSMAIN|5777561|2916|2815930
EOSMAIN|5777619|2917|2815931
EOSMAIN|5777668|2918|2815932
EOSMAIN|5777704|2919|2815933
EOSMAIN|5777742|2920|2815934
EOSMAIN|5786584|2921|2815935
EOSMAIN|5788110|2922|2815936
EOSMAIN|5788227|2923|2815937
EOSMAIN|5788250|2924|2815938
EOSMAIN|5788297|2925|2815939
EOSMAIN|5788361|2926|2815940
EOSMAIN|5788395|2927|2815941
EOSMAIN|5788433|2928|2815942
EOSMAIN|5788481|2929|2815943
EOSMAIN|5788528|2930|2815944
EOSMAIN|5788573|2931|2815945
EOSMAIN|5788627|2932|2815946
EOSMAIN|5798248|2933|2815947
EOSMAIN|5798279|2934|2815948
EOSMAIN|5798330|2935|2815949
EOSMAIN|5798377|2936|2815950
EOSMAIN|5798413|2937|2815951
EOSMAIN|5798462|2938|2815952
EOSMAIN|5805829|2939|2815953
EOSMAIN|5807461|2940|2815954
EOSMAIN|5818452|2941|2815955
EOSMAIN|5818473|2942|2815956
EOSMAIN|5818509|2943|2815957
EOSMAIN|5818533|2944|2815958
EOSMAIN|5818569|2945|2815959
EOSMAIN|5818603|2946|2815960
EOSMAIN|5818624|2947|2815961
EOSMAIN|5818673|2948|2815962
EOSMAIN|5818724|2949|2815963
EOSMAIN|5818775|2950|2815964
EOSMAIN|5824501|2951|2815965
EOSMAIN|5824522|2952|2815966
EOSMAIN|5824567|2953|2815967
EOSMAIN|5824605|2954|2815968
EOSMAIN|5824641|2955|2815969
EOSMAIN|5824664|2956|2815970
EOSMAIN|5831904|2957|2815971
EOSMAIN|5831959|2958|2815972
EOSMAIN|5832028|2959|2815973
EOSMAIN|5832051|2960|2815974
EOSMAIN|5832087|2961|2815975
EOSMAIN|5832140|2962|2815976
EOSMAIN|5832160|2963|2815977
EOSMAIN|5832189|2964|2815978
EOSMAIN|5832240|2965|2815979
EOSMAIN|5832286|2966|2815980
EOSMAIN|5836976|2967|2815981
EOSMAIN|5837031|2968|2815982
EOSMAIN|5837067|2969|2815983
EOSMAIN|5837105|2970|2815984
EOSMAIN|5837190|2971|2815985
EOSMAIN|5843388|2972|2815986
EOSMAIN|5843508|2973|2815987
EOSMAIN|5843572|2974|2815988
EOSMAIN|5843608|2975|2815989
EOSMAIN|5843648|2976|2815990
EOSMAIN|5843688|2977|2815991
EOSMAIN|5843729|2978|2815992
EOSMAIN|5853239|2979|2815993
EOSMAIN|5853333|2980|2815994
EOSMAIN|5860116|2981|2815995
EOSMAIN|5860142|2982|2815996
EOSMAIN|5867889|2983|2815997
EOSMAIN|5867912|2984|2815998
EOSMAIN|5867957|2985|2815999
EOSMAIN|5869913|2986|2816000
EOSMAIN|5869937|2987|2816001
EOSMAIN|5869961|2988|2816002
EOSMAIN|5869992|2989|2816003
EOSMAIN|5876212|2990|2816004
EOSMAIN|5888472|2991|2816005
EOSMAIN|5888508|2992|2816006
EOSMAIN|5888529|2993|2816007
EOSMAIN|5908597|2994|2816008
EOSMAIN|5908637|2995|2816009
EOSMAIN|5909720|2996|2816010
EOSMAIN|5909750|2997|2816011
EOSMAIN|5909780|2998|2816012
EOSMAIN|5913642|2999|2816013
EOSMAIN|5913673|3000|2816014
