EOSMAIN|5361551|101|2813115
EOSMAIN|5403716|102|2813116
EOSMAIN|5410989|103|2813117
EOSMAIN|5310187|104|2813118
EOSMAIN|5162252|105|2813119
EOSMAIN|5435909|106|2813120
EOSMAIN|5517054|107|2813121
EOSMAIN|5545217|108|2813122
EOSMAIN|5612763|109|2813123
EOSMAIN|5627426|110|2813124
EOSMAIN|5696227|111|2813125
EOSMAIN|5703662|112|2813126
EOSMAIN|5704037|113|2813127
EOSMAIN|6064127|114|2813128
EOSMAIN|5780300|115|2813129
EOSMAIN|22820679|116|2813130
EOSMAIN|5780281|117|2813131
EOSMAIN|6200344|118|2813132
EOSMAIN|22708399|119|2813133
EOSMAIN|22695002|120|2813134
EOSMAIN|22505577|121|2813135
EOSMAIN|22255406|122|2813136
EOSMAIN|22255372|123|2813137
EOSMAIN|22255318|124|2813138
EOSMAIN|22255266|125|2813139
EOSMAIN|6357629|126|2813140
EOSMAIN|6319739|127|2813141
EOSMAIN|6292954|128|2813142
EOSMAIN|6064147|129|2813143
EOSMAIN|5159765|130|2813144
EOSMAIN|5160867|131|2813145
EOSMAIN|5171297|132|2813146
EOSMAIN|5172838|133|2813147
EOSMAIN|5265004|134|2813148
EOSMAIN|5280208|135|2813149
EOSMAIN|5281480|136|2813150
EOSMAIN|5482557|137|2813151
EOSMAIN|6032931|138|2813152
EOSMAIN|5819454|139|2813153
EOSMAIN|5340484|140|2813154
EOSMAIN|5381661|141|2813155
EOSMAIN|5728347|142|2813156
EOSMAIN|5755973|143|2813157
EOSMAIN|5803986|144|2813158
EOSMAIN|5949795|145|2813159
EOSMAIN|5994470|146|2813160
EOSMAIN|5913528|147|2813161
EOSMAIN|5162132|148|2813162
EOSMAIN|5670509|149|2813163
EOSMAIN|5265218|150|2813164
EOSMAIN|5161923|151|2813165
EOSMAIN|6200363|152|2813166
EOSMAIN|5838290|153|2813167
EOSMAIN|22667807|154|2813168
EOSMAIN|22621457|155|2813169
EOSMAIN|17280360|156|2813170
EOSMAIN|12761327|157|2813171
EOSMAIN|9436179|158|2813172
EOSMAIN|6319468|159|2813173
EOSMAIN|6292995|160|2813174
EOSMAIN|5352245|161|2813175
EOSMAIN|5160142|162|2813176
EOSMAIN|5160214|163|2813177
EOSMAIN|5160668|164|2813178
EOSMAIN|5170285|165|2813179
EOSMAIN|5170540|166|2813180
EOSMAIN|5171084|167|2813181
EOSMAIN|5172807|168|2813182
EOSMAIN|5176497|169|2813183
EOSMAIN|5280223|170|2813184
EOSMAIN|5281434|171|2813185
EOSMAIN|5426701|172|2813186
EOSMAIN|5453675|173|2813187
EOSMAIN|5668534|174|2813188
EOSMAIN|5803915|175|2813189
EOSMAIN|5803946|176|2813190
EOSMAIN|5804056|177|2813191
EOSMAIN|5875300|178|2813192
EOSMAIN|5967931|179|2813193
EOSMAIN|6008835|180|2813194
EOSMAIN|5485698|181|2813195
EOSMAIN|5093733|182|2813196
EOSMAIN|5689593|183|2813197
EOSMAIN|5678006|184|2813198
EOSMAIN|5628208|185|2813199
EOSMAIN|5601309|186|2813200
EOSMAIN|5600251|187|2813201
EOSMAIN|5498319|188|2813202
EOSMAIN|5670617|189|2813203
EOSMAIN|5310172|190|2813204
EOSMAIN|5879282|191|2813205
EOSMAIN|5689575|192|2813206
EOSMAIN|5162000|193|2813207
EOSMAIN|5161939|194|2813208
EOSMAIN|22820087|195|2813209
EOSMAIN|22820070|196|2813210
EOSMAIN|22820051|197|2813211
EOSMAIN|6200383|198|2813212
EOSMAIN|5104952|199|2813213
EOSMAIN|5104933|200|2813214
