EOSMAIN|5036891|501|2817538
EOSMAIN|5037199|502|2817539
EOSMAIN|5162808|503|2817540
EOSMAIN|5162825|504|2817541
EOSMAIN|5550716|505|2817542
EOSMAIN|5168346|506|2817543
EOSMAIN|5171706|507|2817544
EOSMAIN|5171763|508|2817545
EOSMAIN|5260217|509|2817546
EOSMAIN|5265688|510|2817547
EOSMAIN|5280648|511|2817548
EOSMAIN|5282221|512|2817549
EOSMAIN|5323105|513|2817550
EOSMAIN|5331379|514|2817551
EOSMAIN|5331485|515|2817552
EOSMAIN|5331502|516|2817553
EOSMAIN|5331587|517|2817554
EOSMAIN|5340311|518|2817555
EOSMAIN|5353147|519|2817556
EOSMAIN|5379927|520|2817557
EOSMAIN|5403556|521|2817558
EOSMAIN|5424157|522|2817559
EOSMAIN|5424444|523|2817560
EOSMAIN|5440856|524|2817561
EOSMAIN|5451414|525|2817562
EOSMAIN|5457587|526|2817563
EOSMAIN|5459637|527|2817564
EOSMAIN|5603521|528|2817565
EOSMAIN|5603543|529|2817566
EOSMAIN|5613724|530|2817567
EOSMAIN|5696809|531|2817568
EOSMAIN|5888450|532|2817569
EOSMAIN|6020748|533|2817570
EOSMAIN|6032888|534|2817571
EOSMAIN|5222482|535|2817572
EOSMAIN|5462852|536|2817573
EOSMAIN|19184808|537|2817574
EOSMAIN|6257034|538|2817575
EOSMAIN|20753263|539|2817576
EOSMAIN|20738576|540|2817577
EOSMAIN|17671195|541|2817578
EOSMAIN|5878207|542|2817579
EOSMAIN|5396400|543|2817580
EOSMAIN|6354068|544|2817581
EOSMAIN|22574980|545|2817582
EOSMAIN|6195677|546|2817583
EOSMAIN|22799576|547|2817584
EOSMAIN|5369007|548|2817585
EOSMAIN|5496394|549|2817586
EOSMAIN|22745133|550|2817587
EOSMAIN|22758194|551|2817588
EOSMAIN|22608919|552|2817589
EOSMAIN|22703140|553|2817590
EOSMAIN|22675166|554|2817591
EOSMAIN|22672490|555|2817592
EOSMAIN|22672370|556|2817593
EOSMAIN|22666178|557|2817594
EOSMAIN|22658952|558|2817595
EOSMAIN|22596497|559|2817596
EOSMAIN|22588070|560|2817597
EOSMAIN|22578992|561|2817598
EOSMAIN|22578977|562|2817599
EOSMAIN|22562342|563|2817600
EOSMAIN|22557020|564|2817601
EOSMAIN|22521327|565|2817602
EOSMAIN|22511803|566|2817603
EOSMAIN|22511735|567|2817604
EOSMAIN|22468710|568|2817605
EOSMAIN|22442842|569|2817606
EOSMAIN|22438943|570|2817607
EOSMAIN|22410616|571|2817608
EOSMAIN|22323383|572|2817609
EOSMAIN|22217997|573|2817610
EOSMAIN|22211002|574|2817611
EOSMAIN|22203773|575|2817612
EOSMAIN|22141282|576|2817613
EOSMAIN|22141249|577|2817614
EOSMAIN|22113608|578|2817615
EOSMAIN|20812713|579|2817616
EOSMAIN|19300994|580|2817617
EOSMAIN|19211907|581|2817618
EOSMAIN|19183577|582|2817619
EOSMAIN|19176359|583|2817620
EOSMAIN|17575486|584|2817621
EOSMAIN|17573667|585|2817622
EOSMAIN|17550875|586|2817623
EOSMAIN|17467626|587|2817624
EOSMAIN|17403421|588|2817625
EOSMAIN|17341356|589|2817626
EOSMAIN|12872003|590|2817627
EOSMAIN|12871606|591|2817628
EOSMAIN|12870884|592|2817629
EOSMAIN|12796201|593|2817630
EOSMAIN|12788436|594|2817631
EOSMAIN|12781405|595|2817632
EOSMAIN|12779441|596|2817633
EOSMAIN|12778790|597|2817634
EOSMAIN|12775539|598|2817635
EOSMAIN|9487499|599|2817636
EOSMAIN|9487477|600|2817637
