EOSMAIN|5428283|2501|2819538
EOSMAIN|5428264|2502|2819539
EOSMAIN|5428219|2503|2819540
EOSMAIN|5428200|2504|2819541
EOSMAIN|5428181|2505|2819542
EOSMAIN|5428162|2506|2819543
EOSMAIN|5427465|2507|2819544
EOSMAIN|5427435|2508|2819545
EOSMAIN|5427405|2509|2819546
EOSMAIN|5427386|2510|2819547
EOSMAIN|5426218|2511|2819548
EOSMAIN|5419126|2512|2819549
EOSMAIN|5419075|2513|2819550
EOSMAIN|5418593|2514|2819551
EOSMAIN|5418572|2515|2819552
EOSMAIN|5418540|2516|2819553
EOSMAIN|5418441|2517|2819554
EOSMAIN|5418411|2518|2819555
EOSMAIN|5418381|2519|2819556
EOSMAIN|5418351|2520|2819557
EOSMAIN|5418321|2521|2819558
EOSMAIN|5418291|2522|2819559
EOSMAIN|5418261|2523|2819560
EOSMAIN|5418231|2524|2819561
EOSMAIN|5418201|2525|2819562
EOSMAIN|5418171|2526|2819563
EOSMAIN|5418141|2527|2819564
EOSMAIN|5418111|2528|2819565
EOSMAIN|5418081|2529|2819566
EOSMAIN|5418051|2530|2819567
EOSMAIN|5418032|2531|2819568
EOSMAIN|5417945|2532|2819569
EOSMAIN|5417923|2533|2819570
EOSMAIN|5417877|2534|2819571
EOSMAIN|5417844|2535|2819572
EOSMAIN|5417789|2536|2819573
EOSMAIN|5416308|2537|2819574
EOSMAIN|5416263|2538|2819575
EOSMAIN|5416240|2539|2819576
EOSMAIN|5416206|2540|2819577
EOSMAIN|5416168|2541|2819578
EOSMAIN|5416106|2542|2819579
EOSMAIN|5416081|2543|2819580
EOSMAIN|5416058|2544|2819581
EOSMAIN|5415093|2545|2819582
EOSMAIN|5414717|2546|2819583
EOSMAIN|5414687|2547|2819584
EOSMAIN|5414668|2548|2819585
EOSMAIN|5414638|2549|2819586
EOSMAIN|5414608|2550|2819587
EOSMAIN|5414578|2551|2819588
EOSMAIN|5414559|2552|2819589
EOSMAIN|5414530|2553|2819590
EOSMAIN|5414501|2554|2819591
EOSMAIN|5413748|2555|2819592
EOSMAIN|5413105|2556|2819593
EOSMAIN|5412833|2557|2819594
EOSMAIN|5411098|2558|2819595
EOSMAIN|5410134|2559|2819596
EOSMAIN|5410113|2560|2819597
EOSMAIN|5410055|2561|2819598
EOSMAIN|5410023|2562|2819599
EOSMAIN|5409976|2563|2819600
EOSMAIN|5409933|2564|2819601
EOSMAIN|5409901|2565|2819602
EOSMAIN|5409882|2566|2819603
EOSMAIN|5409842|2567|2819604
EOSMAIN|5409784|2568|2819605
EOSMAIN|5409750|2569|2819606
EOSMAIN|5409714|2570|2819607
EOSMAIN|5409671|2571|2819608
EOSMAIN|5409637|2572|2819609
EOSMAIN|5409579|2573|2819610
EOSMAIN|5409549|2574|2819611
EOSMAIN|5408532|2575|2819612
EOSMAIN|5407512|2576|2819613
EOSMAIN|5406202|2577|2819614
EOSMAIN|5406183|2578|2819615
EOSMAIN|5405978|2579|2819616
EOSMAIN|5405940|2580|2819617
EOSMAIN|5405910|2581|2819618
EOSMAIN|5405401|2582|2819619
EOSMAIN|5401599|2583|2819620
EOSMAIN|5401563|2584|2819621
EOSMAIN|5401541|2585|2819622
EOSMAIN|5401124|2586|2819623
EOSMAIN|5397624|2587|2819624
EOSMAIN|5395770|2588|2819625
EOSMAIN|5395628|2589|2819626
EOSMAIN|5395581|2590|2819627
EOSMAIN|5395538|2591|2819628
EOSMAIN|5395519|2592|2819629
EOSMAIN|5393826|2593|2819630
EOSMAIN|5392251|2594|2819631
EOSMAIN|5390224|2595|2819632
EOSMAIN|5387255|2596|2819633
EOSMAIN|5387212|2597|2819634
EOSMAIN|5387167|2598|2819635
EOSMAIN|5381054|2599|2819636
EOSMAIN|5371092|2600|2819637
