EOSMAIN|17546006|201|2817238
EOSMAIN|12776002|202|2817239
EOSMAIN|12775760|203|2817240
EOSMAIN|12774868|204|2817241
EOSMAIN|9476896|205|2817242
EOSMAIN|6452871|206|2817243
EOSMAIN|6257125|207|2817244
EOSMAIN|6013252|208|2817245
EOSMAIN|5987212|209|2817246
EOSMAIN|5959412|210|2817247
EOSMAIN|5899837|211|2817248
EOSMAIN|5878747|212|2817249
EOSMAIN|5834109|213|2817250
EOSMAIN|5828499|214|2817251
EOSMAIN|5814292|215|2817252
EOSMAIN|5440487|216|2817253
EOSMAIN|5114772|217|2817254
EOSMAIN|5634914|218|2817255
EOSMAIN|5711345|219|2817256
EOSMAIN|6071356|220|2817257
EOSMAIN|5038388|221|2817258
EOSMAIN|5160501|222|2817259
EOSMAIN|5911858|223|2817260
EOSMAIN|5521760|224|2817261
EOSMAIN|5169805|225|2817262
EOSMAIN|5170018|226|2817263
EOSMAIN|5217022|227|2817264
EOSMAIN|5170511|228|2817265
EOSMAIN|5170738|229|2817266
EOSMAIN|5297129|230|2817267
EOSMAIN|5304107|231|2817268
EOSMAIN|5322321|232|2817269
EOSMAIN|5322400|233|2817270
EOSMAIN|5994343|234|2817271
EOSMAIN|5404419|235|2817272
EOSMAIN|5410989|236|2817273
EOSMAIN|5430100|237|2817274
EOSMAIN|5448252|238|2817275
EOSMAIN|5464262|239|2817276
EOSMAIN|5493141|240|2817277
EOSMAIN|6008793|241|2817278
EOSMAIN|5840824|242|2817279
EOSMAIN|5843710|243|2817280
EOSMAIN|5860251|244|2817281
EOSMAIN|5414842|245|2817282
EOSMAIN|5222260|246|2817283
EOSMAIN|5222229|247|2817284
EOSMAIN|5222579|248|2817285
EOSMAIN|5222511|249|2817286
EOSMAIN|5222453|250|2817287
EOSMAIN|5222343|251|2817288
EOSMAIN|5222790|252|2817289
EOSMAIN|5222725|253|2817290
EOSMAIN|5222691|254|2817291
EOSMAIN|5222884|255|2817292
EOSMAIN|5222931|256|2817293
EOSMAIN|5223011|257|2817294
EOSMAIN|5223086|258|2817295
EOSMAIN|5223160|259|2817296
EOSMAIN|5223263|260|2817297
EOSMAIN|5223292|261|2817298
EOSMAIN|5223381|262|2817299
EOSMAIN|5739031|263|2817300
EOSMAIN|5745728|264|2817301
EOSMAIN|5792484|265|2817302
EOSMAIN|5829295|266|2817303
EOSMAIN|6145993|267|2817304
EOSMAIN|6146039|268|2817305
EOSMAIN|6511144|269|2817306
EOSMAIN|22611038|270|2817307
EOSMAIN|5478442|271|2817308
EOSMAIN|9433669|272|2817309
EOSMAIN|12788654|273|2817310
EOSMAIN|19094766|274|2817311
EOSMAIN|5162017|275|2817312
EOSMAIN|6298965|276|2817313
EOSMAIN|6301534|277|2817314
EOSMAIN|6298947|278|2817315
EOSMAIN|6298929|279|2817316
EOSMAIN|5377955|280|2817317
EOSMAIN|6488165|281|2817318
EOSMAIN|11669490|282|2817319
EOSMAIN|5818389|283|2817320
EOSMAIN|5176481|284|2817321
EOSMAIN|5837920|285|2817322
EOSMAIN|22733300|286|2817323
EOSMAIN|22617810|287|2817324
EOSMAIN|22600868|288|2817325
EOSMAIN|22588314|289|2817326
EOSMAIN|22564231|290|2817327
EOSMAIN|22549301|291|2817328
EOSMAIN|22533235|292|2817329
EOSMAIN|22468956|293|2817330
EOSMAIN|22468920|294|2817331
EOSMAIN|22446556|295|2817332
EOSMAIN|22225196|296|2817333
EOSMAIN|22199239|297|2817334
EOSMAIN|20806626|298|2817335
EOSMAIN|20742966|299|2817336
EOSMAIN|19132032|300|2817337
