EOSMAIN|5223934|1001|2818038
EOSMAIN|5223787|1002|2818039
EOSMAIN|5223639|1003|2818040
EOSMAIN|5223323|1004|2818041
EOSMAIN|5223245|1005|2818042
EOSMAIN|5221635|1006|2818043
EOSMAIN|5221597|1007|2818044
EOSMAIN|5221503|1008|2818045
EOSMAIN|5221423|1009|2818046
EOSMAIN|5221005|1010|2818047
EOSMAIN|5220365|1011|2818048
EOSMAIN|5220096|1012|2818049
EOSMAIN|5220076|1013|2818050
EOSMAIN|5220056|1014|2818051
EOSMAIN|5219926|1015|2818052
EOSMAIN|5219906|1016|2818053
EOSMAIN|5219756|1017|2818054
EOSMAIN|5219538|1018|2818055
EOSMAIN|5219465|1019|2818056
EOSMAIN|5219405|1020|2818057
EOSMAIN|5219182|1021|2818058
EOSMAIN|5219022|1022|2818059
EOSMAIN|5218900|1023|2818060
EOSMAIN|5218156|1024|2818061
EOSMAIN|5218036|1025|2818062
EOSMAIN|5217903|1026|2818063
EOSMAIN|5217776|1027|2818064
EOSMAIN|5217568|1028|2818065
EOSMAIN|5217218|1029|2818066
EOSMAIN|5216628|1030|2818067
EOSMAIN|5049904|1031|2818068
EOSMAIN|5049460|1032|2818069
EOSMAIN|5049404|1033|2818070
EOSMAIN|5049323|1034|2818071
EOSMAIN|5049199|1035|2818072
EOSMAIN|5049054|1036|2818073
EOSMAIN|5048974|1037|2818074
EOSMAIN|5047973|1038|2818075
EOSMAIN|5047917|1039|2818076
EOSMAIN|5285450|1040|2818077
EOSMAIN|5518426|1041|2818078
EOSMAIN|5457631|1042|2818079
EOSMAIN|5508076|1043|2818080
EOSMAIN|5558375|1044|2818081
EOSMAIN|5564062|1045|2818082
EOSMAIN|5624497|1046|2818083
EOSMAIN|5631447|1047|2818084
EOSMAIN|5662230|1048|2818085
EOSMAIN|5687506|1049|2818086
EOSMAIN|5703682|1050|2818087
EOSMAIN|5719760|1051|2818088
EOSMAIN|5724051|1052|2818089
EOSMAIN|5724319|1053|2818090
EOSMAIN|5743764|1054|2818091
EOSMAIN|5818811|1055|2818092
EOSMAIN|5995536|1056|2818093
EOSMAIN|5996702|1057|2818094
EOSMAIN|6019066|1058|2818095
EOSMAIN|6019816|1059|2818096
EOSMAIN|6019971|1060|2818097
EOSMAIN|6020016|1061|2818098
EOSMAIN|6022374|1062|2818099
EOSMAIN|22681547|1063|2818100
EOSMAIN|5270837|1064|2818101
EOSMAIN|5440630|1065|2818102
EOSMAIN|5462765|1066|2818103
EOSMAIN|5546332|1067|2818104
EOSMAIN|5563650|1068|2818105
EOSMAIN|5697106|1069|2818106
EOSMAIN|17545918|1070|2818107
EOSMAIN|17552016|1071|2818108
EOSMAIN|9432267|1072|2818109
EOSMAIN|6344058|1073|2818110
EOSMAIN|6464010|1074|2818111
EOSMAIN|5086705|1075|2818112
EOSMAIN|5089479|1076|2818113
EOSMAIN|5090154|1077|2818114
EOSMAIN|5243214|1078|2818115
EOSMAIN|5243246|1079|2818116
EOSMAIN|5251638|1080|2818117
EOSMAIN|5336787|1081|2818118
EOSMAIN|5337011|1082|2818119
EOSMAIN|5404645|1083|2818120
EOSMAIN|5419011|1084|2818121
EOSMAIN|5554911|1085|2818122
EOSMAIN|5638463|1086|2818123
EOSMAIN|5645434|1087|2818124
EOSMAIN|5672172|1088|2818125
EOSMAIN|5697320|1089|2818126
EOSMAIN|5697359|1090|2818127
EOSMAIN|5702259|1091|2818128
EOSMAIN|5847052|1092|2818129
EOSMAIN|6081405|1093|2818130
EOSMAIN|6129154|1094|2818131
EOSMAIN|6241978|1095|2818132
EOSMAIN|22747234|1096|2818133
EOSMAIN|22745560|1097|2818134
EOSMAIN|5189178|1098|2818135
EOSMAIN|22739285|1099|2818136
EOSMAIN|22741497|1100|2818137
