EOSMAIN|6288414|401|2817438
EOSMAIN|6288395|402|2817439
EOSMAIN|6287024|403|2817440
EOSMAIN|6242596|404|2817441
EOSMAIN|6240243|405|2817442
EOSMAIN|6240190|406|2817443
EOSMAIN|6228150|407|2817444
EOSMAIN|6224773|408|2817445
EOSMAIN|6191466|409|2817446
EOSMAIN|6183299|410|2817447
EOSMAIN|6183282|411|2817448
EOSMAIN|6146061|412|2817449
EOSMAIN|6135321|413|2817450
EOSMAIN|6135289|414|2817451
EOSMAIN|6135216|415|2817452
EOSMAIN|6100113|416|2817453
EOSMAIN|6067077|417|2817454
EOSMAIN|6067039|418|2817455
EOSMAIN|6047232|419|2817456
EOSMAIN|6039296|420|2817457
EOSMAIN|6023095|421|2817458
EOSMAIN|6016654|422|2817459
EOSMAIN|6007797|423|2817460
EOSMAIN|6007776|424|2817461
EOSMAIN|5990844|425|2817462
EOSMAIN|5988797|426|2817463
EOSMAIN|5965101|427|2817464
EOSMAIN|5965034|428|2817465
EOSMAIN|5927175|429|2817466
EOSMAIN|5910996|430|2817467
EOSMAIN|5905005|431|2817468
EOSMAIN|5904984|432|2817469
EOSMAIN|5901159|433|2817470
EOSMAIN|5899818|434|2817471
EOSMAIN|5891383|435|2817472
EOSMAIN|5875088|436|2817473
EOSMAIN|5873017|437|2817474
EOSMAIN|5864062|438|2817475
EOSMAIN|5862912|439|2817476
EOSMAIN|5844612|440|2817477
EOSMAIN|5829507|441|2817478
EOSMAIN|5822487|442|2817479
EOSMAIN|5822472|443|2817480
EOSMAIN|5822457|444|2817481
EOSMAIN|5810367|445|2817482
EOSMAIN|5806143|446|2817483
EOSMAIN|5805811|447|2817484
EOSMAIN|5805256|448|2817485
EOSMAIN|5796406|449|2817486
EOSMAIN|5795553|450|2817487
EOSMAIN|5790138|451|2817488
EOSMAIN|5790116|452|2817489
EOSMAIN|5790095|453|2817490
EOSMAIN|5768660|454|2817491
EOSMAIN|5765916|455|2817492
EOSMAIN|5763288|456|2817493
EOSMAIN|5744283|457|2817494
EOSMAIN|5720169|458|2817495
EOSMAIN|5695673|459|2817496
EOSMAIN|5671544|460|2817497
EOSMAIN|5605496|461|2817498
EOSMAIN|5592105|462|2817499
EOSMAIN|5592086|463|2817500
EOSMAIN|5592046|464|2817501
EOSMAIN|5586734|465|2817502
EOSMAIN|5584172|466|2817503
EOSMAIN|5569468|467|2817504
EOSMAIN|5569448|468|2817505
EOSMAIN|5569427|469|2817506
EOSMAIN|5569395|470|2817507
EOSMAIN|5562983|471|2817508
EOSMAIN|5545486|472|2817509
EOSMAIN|5544732|473|2817510
EOSMAIN|5544449|474|2817511
EOSMAIN|5489924|475|2817512
EOSMAIN|5489908|476|2817513
EOSMAIN|5486899|477|2817514
EOSMAIN|5476656|478|2817515
EOSMAIN|5462876|479|2817516
EOSMAIN|5440586|480|2817517
EOSMAIN|5440572|481|2817518
EOSMAIN|5440558|482|2817519
EOSMAIN|5440528|483|2817520
EOSMAIN|5432546|484|2817521
EOSMAIN|5355966|485|2817522
EOSMAIN|5284338|486|2817523
EOSMAIN|5283789|487|2817524
EOSMAIN|5283469|488|2817525
EOSMAIN|5261038|489|2817526
EOSMAIN|5218752|490|2817527
EOSMAIN|5216782|491|2817528
EOSMAIN|5216058|492|2817529
EOSMAIN|5215727|493|2817530
EOSMAIN|5742080|494|2817531
EOSMAIN|5742101|495|2817532
EOSMAIN|5742159|496|2817533
EOSMAIN|5742196|497|2817534
EOSMAIN|5742267|498|2817535
EOSMAIN|5795720|499|2817536
EOSMAIN|5037512|500|2817537
