EOSMAIN|5325548|2701|2819738
EOSMAIN|5325528|2702|2819739
EOSMAIN|5325496|2703|2819740
EOSMAIN|5325477|2704|2819741
EOSMAIN|5325450|2705|2819742
EOSMAIN|5325427|2706|2819743
EOSMAIN|5325411|2707|2819744
EOSMAIN|5325346|2708|2819745
EOSMAIN|5325315|2709|2819746
EOSMAIN|5314131|2710|2819747
EOSMAIN|5312100|2711|2819748
EOSMAIN|5311823|2712|2819749
EOSMAIN|5311781|2713|2819750
EOSMAIN|5311735|2714|2819751
EOSMAIN|5311701|2715|2819752
EOSMAIN|5311652|2716|2819753
EOSMAIN|5311609|2717|2819754
EOSMAIN|5306902|2718|2819755
EOSMAIN|5306038|2719|2819756
EOSMAIN|5306007|2720|2819757
EOSMAIN|5305976|2721|2819758
EOSMAIN|5305945|2722|2819759
EOSMAIN|5305914|2723|2819760
EOSMAIN|5305883|2724|2819761
EOSMAIN|5305852|2725|2819762
EOSMAIN|5305821|2726|2819763
EOSMAIN|5305790|2727|2819764
EOSMAIN|5305759|2728|2819765
EOSMAIN|5305741|2729|2819766
EOSMAIN|5305710|2730|2819767
EOSMAIN|5305680|2731|2819768
EOSMAIN|5305630|2732|2819769
EOSMAIN|5305599|2733|2819770
EOSMAIN|5305568|2734|2819771
EOSMAIN|5305537|2735|2819772
EOSMAIN|5305506|2736|2819773
EOSMAIN|5305476|2737|2819774
EOSMAIN|5305445|2738|2819775
EOSMAIN|5305383|2739|2819776
EOSMAIN|5305332|2740|2819777
EOSMAIN|5305301|2741|2819778
EOSMAIN|5305177|2742|2819779
EOSMAIN|5305156|2743|2819780
EOSMAIN|5305135|2744|2819781
EOSMAIN|5305112|2745|2819782
EOSMAIN|5305080|2746|2819783
EOSMAIN|5299327|2747|2819784
EOSMAIN|5299308|2748|2819785
EOSMAIN|5299274|2749|2819786
EOSMAIN|5299205|2750|2819787
EOSMAIN|5299182|2751|2819788
EOSMAIN|5299126|2752|2819789
EOSMAIN|5299107|2753|2819790
EOSMAIN|5299075|2754|2819791
EOSMAIN|5299056|2755|2819792
EOSMAIN|5299037|2756|2819793
EOSMAIN|5298962|2757|2819794
EOSMAIN|5298918|2758|2819795
EOSMAIN|5292620|2759|2819796
EOSMAIN|5287437|2760|2819797
EOSMAIN|5287405|2761|2819798
EOSMAIN|5284313|2762|2819799
EOSMAIN|5284270|2763|2819800
EOSMAIN|5284234|2764|2819801
EOSMAIN|5284171|2765|2819802
EOSMAIN|5284122|2766|2819803
EOSMAIN|5284082|2767|2819804
EOSMAIN|5284044|2768|2819805
EOSMAIN|5284017|2769|2819806
EOSMAIN|5283996|2770|2819807
EOSMAIN|5283976|2771|2819808
EOSMAIN|5283944|2772|2819809
EOSMAIN|5283919|2773|2819810
EOSMAIN|5283886|2774|2819811
EOSMAIN|5283859|2775|2819812
EOSMAIN|5283836|2776|2819813
EOSMAIN|5283755|2777|2819814
EOSMAIN|5283723|2778|2819815
EOSMAIN|5283661|2779|2819816
EOSMAIN|5283639|2780|2819817
EOSMAIN|5283583|2781|2819818
EOSMAIN|5283562|2782|2819819
EOSMAIN|5283530|2783|2819820
EOSMAIN|5279954|2784|2819821
EOSMAIN|5277713|2785|2819822
EOSMAIN|5275399|2786|2819823
EOSMAIN|5271406|2787|2819824
EOSMAIN|5271375|2788|2819825
EOSMAIN|5271344|2789|2819826
EOSMAIN|5271313|2790|2819827
EOSMAIN|5271282|2791|2819828
EOSMAIN|5271251|2792|2819829
EOSMAIN|5271220|2793|2819830
EOSMAIN|5271189|2794|2819831
EOSMAIN|5271158|2795|2819832
EOSMAIN|5271127|2796|2819833
EOSMAIN|5271096|2797|2819834
EOSMAIN|5271065|2798|2819835
EOSMAIN|5271034|2799|2819836
EOSMAIN|5271003|2800|2819837
