EOSMAIN|5655019|2201|2819238
EOSMAIN|5654991|2202|2819239
EOSMAIN|5654967|2203|2819240
EOSMAIN|5654377|2204|2819241
EOSMAIN|5651478|2205|2819242
EOSMAIN|5649348|2206|2819243
EOSMAIN|5644331|2207|2819244
EOSMAIN|5644305|2208|2819245
EOSMAIN|5644257|2209|2819246
EOSMAIN|5644196|2210|2819247
EOSMAIN|5644005|2211|2819248
EOSMAIN|5640595|2212|2819249
EOSMAIN|5640361|2213|2819250
EOSMAIN|5640324|2214|2819251
EOSMAIN|5640289|2215|2819252
EOSMAIN|5640250|2216|2819253
EOSMAIN|5640204|2217|2819254
EOSMAIN|5640156|2218|2819255
EOSMAIN|5637852|2219|2819256
EOSMAIN|5637815|2220|2819257
EOSMAIN|5637769|2221|2819258
EOSMAIN|5637741|2222|2819259
EOSMAIN|5637717|2223|2819260
EOSMAIN|5637671|2224|2819261
EOSMAIN|5637597|2225|2819262
EOSMAIN|5634568|2226|2819263
EOSMAIN|5633036|2227|2819264
EOSMAIN|5633002|2228|2819265
EOSMAIN|5632969|2229|2819266
EOSMAIN|5627200|2230|2819267
EOSMAIN|5622200|2231|2819268
EOSMAIN|5621709|2232|2819269
EOSMAIN|5621659|2233|2819270
EOSMAIN|5621614|2234|2819271
EOSMAIN|5621577|2235|2819272
EOSMAIN|5621174|2236|2819273
EOSMAIN|5617922|2237|2819274
EOSMAIN|5617187|2238|2819275
EOSMAIN|5617127|2239|2819276
EOSMAIN|5614793|2240|2819277
EOSMAIN|5604585|2241|2819278
EOSMAIN|5603645|2242|2819279
EOSMAIN|5603624|2243|2819280
EOSMAIN|5600453|2244|2819281
EOSMAIN|5595929|2245|2819282
EOSMAIN|5595857|2246|2819283
EOSMAIN|5595770|2247|2819284
EOSMAIN|5595747|2248|2819285
EOSMAIN|5592065|2249|2819286
EOSMAIN|5586874|2250|2819287
EOSMAIN|5586841|2251|2819288
EOSMAIN|5586753|2252|2819289
EOSMAIN|5584276|2253|2819290
EOSMAIN|5584252|2254|2819291
EOSMAIN|5584215|2255|2819292
EOSMAIN|5584193|2256|2819293
EOSMAIN|5582832|2257|2819294
EOSMAIN|5574412|2258|2819295
EOSMAIN|5574353|2259|2819296
EOSMAIN|5574329|2260|2819297
EOSMAIN|5574305|2261|2819298
EOSMAIN|5574275|2262|2819299
EOSMAIN|5574199|2263|2819300
EOSMAIN|5574010|2264|2819301
EOSMAIN|5570890|2265|2819302
EOSMAIN|5570757|2266|2819303
EOSMAIN|5569525|2267|2819304
EOSMAIN|5569488|2268|2819305
EOSMAIN|5569361|2269|2819306
EOSMAIN|5568837|2270|2819307
EOSMAIN|5566052|2271|2819308
EOSMAIN|5566015|2272|2819309
EOSMAIN|5565583|2273|2819310
EOSMAIN|5565521|2274|2819311
EOSMAIN|5565500|2275|2819312
EOSMAIN|5564498|2276|2819313
EOSMAIN|5563626|2277|2819314
EOSMAIN|5563604|2278|2819315
EOSMAIN|5563580|2279|2819316
EOSMAIN|5563547|2280|2819317
EOSMAIN|5563521|2281|2819318
EOSMAIN|5563368|2282|2819319
EOSMAIN|5563344|2283|2819320
EOSMAIN|5563298|2284|2819321
EOSMAIN|5563248|2285|2819322
EOSMAIN|5563224|2286|2819323
EOSMAIN|5563148|2287|2819324
EOSMAIN|5563093|2288|2819325
EOSMAIN|5563072|2289|2819326
EOSMAIN|5563038|2290|2819327
EOSMAIN|5563004|2291|2819328
EOSMAIN|5556601|2292|2819329
EOSMAIN|5556565|2293|2819330
EOSMAIN|5556403|2294|2819331
EOSMAIN|5552554|2295|2819332
EOSMAIN|5552493|2296|2819333
EOSMAIN|5552460|2297|2819334
EOSMAIN|5552425|2298|2819335
EOSMAIN|5552320|2299|2819336
EOSMAIN|5551392|2300|2819337
