EOSMAIN|5810721|901|2817938
EOSMAIN|5807576|902|2817939
EOSMAIN|5807492|903|2817940
EOSMAIN|5806090|904|2817941
EOSMAIN|5790878|905|2817942
EOSMAIN|5790074|906|2817943
EOSMAIN|5790053|907|2817944
EOSMAIN|5790032|908|2817945
EOSMAIN|5775388|909|2817946
EOSMAIN|5763159|910|2817947
EOSMAIN|5757969|911|2817948
EOSMAIN|5749716|912|2817949
EOSMAIN|5744313|913|2817950
EOSMAIN|5739285|914|2817951
EOSMAIN|5738839|915|2817952
EOSMAIN|5738693|916|2817953
EOSMAIN|5738671|917|2817954
EOSMAIN|5738613|918|2817955
EOSMAIN|5738565|919|2817956
EOSMAIN|5738493|920|2817957
EOSMAIN|5696984|921|2817958
EOSMAIN|5696916|922|2817959
EOSMAIN|5696894|923|2817960
EOSMAIN|5660115|924|2817961
EOSMAIN|5654942|925|2817962
EOSMAIN|5651537|926|2817963
EOSMAIN|5644390|927|2817964
EOSMAIN|5644222|928|2817965
EOSMAIN|5637560|929|2817966
EOSMAIN|5621757|930|2817967
EOSMAIN|5592934|931|2817968
EOSMAIN|5586776|932|2817969
EOSMAIN|5584372|933|2817970
EOSMAIN|5574254|934|2817971
EOSMAIN|5565552|935|2817972
EOSMAIN|5563696|936|2817973
EOSMAIN|5563436|937|2817974
EOSMAIN|5563403|938|2817975
EOSMAIN|5563114|939|2817976
EOSMAIN|5556622|940|2817977
EOSMAIN|5556543|941|2817978
EOSMAIN|5556519|942|2817979
EOSMAIN|5552517|943|2817980
EOSMAIN|5552388|944|2817981
EOSMAIN|5550983|945|2817982
EOSMAIN|5526849|946|2817983
EOSMAIN|5526730|947|2817984
EOSMAIN|5523450|948|2817985
EOSMAIN|5523223|949|2817986
EOSMAIN|5521835|950|2817987
EOSMAIN|5513579|951|2817988
EOSMAIN|5505652|952|2817989
EOSMAIN|5502531|953|2817990
EOSMAIN|5502510|954|2817991
EOSMAIN|5482084|955|2817992
EOSMAIN|5482054|956|2817993
EOSMAIN|5475580|957|2817994
EOSMAIN|5475520|958|2817995
EOSMAIN|5445698|959|2817996
EOSMAIN|5445094|960|2817997
EOSMAIN|5444167|961|2817998
EOSMAIN|5440514|962|2817999
EOSMAIN|5429787|963|2818000
EOSMAIN|5429587|964|2818001
EOSMAIN|5429524|965|2818002
EOSMAIN|5418616|966|2818003
EOSMAIN|5418471|967|2818004
EOSMAIN|5418013|968|2818005
EOSMAIN|5395079|969|2818006
EOSMAIN|5377903|970|2818007
EOSMAIN|5362475|971|2818008
EOSMAIN|5360057|972|2818009
EOSMAIN|5358910|973|2818010
EOSMAIN|5341778|974|2818011
EOSMAIN|5334258|975|2818012
EOSMAIN|5325606|976|2818013
EOSMAIN|5325378|977|2818014
EOSMAIN|5311844|978|2818015
EOSMAIN|5311552|979|2818016
EOSMAIN|5305414|980|2818017
EOSMAIN|5305352|981|2818018
EOSMAIN|5305270|982|2818019
EOSMAIN|5284207|983|2818020
EOSMAIN|5283484|984|2818021
EOSMAIN|5270869|985|2818022
EOSMAIN|5270676|986|2818023
EOSMAIN|5270370|987|2818024
EOSMAIN|5260978|988|2818025
EOSMAIN|5245788|989|2818026
EOSMAIN|5224691|990|2818027
EOSMAIN|5224582|991|2818028
EOSMAIN|5224383|992|2818029
EOSMAIN|5224338|993|2818030
EOSMAIN|5224282|994|2818031
EOSMAIN|5224181|995|2818032
EOSMAIN|5224075|996|2818033
EOSMAIN|5224060|997|2818034
EOSMAIN|5224045|998|2818035
EOSMAIN|5224030|999|2818036
EOSMAIN|5224002|1000|2818037
