EOSMAIN|5831830|2001|2819038
EOSMAIN|5831616|2002|2819039
EOSMAIN|5831478|2003|2819040
EOSMAIN|5831366|2004|2819041
EOSMAIN|5829987|2005|2819042
EOSMAIN|5829381|2006|2819043
EOSMAIN|5829216|2007|2819044
EOSMAIN|5829062|2008|2819045
EOSMAIN|5827823|2009|2819046
EOSMAIN|5827793|2010|2819047
EOSMAIN|5827749|2011|2819048
EOSMAIN|5822623|2012|2819049
EOSMAIN|5822562|2013|2819050
EOSMAIN|5821972|2014|2819051
EOSMAIN|5821926|2015|2819052
EOSMAIN|5821880|2016|2819053
EOSMAIN|5821860|2017|2819054
EOSMAIN|5821821|2018|2819055
EOSMAIN|5817372|2019|2819056
EOSMAIN|5817000|2020|2819057
EOSMAIN|5816622|2021|2819058
EOSMAIN|5816599|2022|2819059
EOSMAIN|5816549|2023|2819060
EOSMAIN|5816449|2024|2819061
EOSMAIN|5816423|2025|2819062
EOSMAIN|5816352|2026|2819063
EOSMAIN|5816300|2027|2819064
EOSMAIN|5816225|2028|2819065
EOSMAIN|5816148|2029|2819066
EOSMAIN|5814313|2030|2819067
EOSMAIN|5814258|2031|2819068
EOSMAIN|5814224|2032|2819069
EOSMAIN|5814177|2033|2819070
EOSMAIN|5814132|2034|2819071
EOSMAIN|5814103|2035|2819072
EOSMAIN|5810649|2036|2819073
EOSMAIN|5810629|2037|2819074
EOSMAIN|5810609|2038|2819075
EOSMAIN|5810576|2039|2819076
EOSMAIN|5810506|2040|2819077
EOSMAIN|5810473|2041|2819078
EOSMAIN|5810440|2042|2819079
EOSMAIN|5810418|2043|2819080
EOSMAIN|5807301|2044|2819081
EOSMAIN|5805510|2045|2819082
EOSMAIN|5805486|2046|2819083
EOSMAIN|5805445|2047|2819084
EOSMAIN|5805358|2048|2819085
EOSMAIN|5805334|2049|2819086
EOSMAIN|5805299|2050|2819087
EOSMAIN|5805277|2051|2819088
EOSMAIN|5800474|2052|2819089
EOSMAIN|5800452|2053|2819090
EOSMAIN|5800394|2054|2819091
EOSMAIN|5800371|2055|2819092
EOSMAIN|5800351|2056|2819093
EOSMAIN|5800330|2057|2819094
EOSMAIN|5800274|2058|2819095
EOSMAIN|5798050|2059|2819096
EOSMAIN|5797957|2060|2819097
EOSMAIN|5797911|2061|2819098
EOSMAIN|5797891|2062|2819099
EOSMAIN|5797867|2063|2819100
EOSMAIN|5797259|2064|2819101
EOSMAIN|5796655|2065|2819102
EOSMAIN|5796612|2066|2819103
EOSMAIN|5796591|2067|2819104
EOSMAIN|5796570|2068|2819105
EOSMAIN|5796484|2069|2819106
EOSMAIN|5796464|2070|2819107
EOSMAIN|5796443|2071|2819108
EOSMAIN|5796425|2072|2819109
EOSMAIN|5795784|2073|2819110
EOSMAIN|5795752|2074|2819111
EOSMAIN|5795677|2075|2819112
EOSMAIN|5795654|2076|2819113
EOSMAIN|5795631|2077|2819114
EOSMAIN|5795608|2078|2819115
EOSMAIN|5795574|2079|2819116
EOSMAIN|5795102|2080|2819117
EOSMAIN|5794355|2081|2819118
EOSMAIN|5792586|2082|2819119
EOSMAIN|5792129|2083|2819120
EOSMAIN|5792105|2084|2819121
EOSMAIN|5792075|2085|2819122
EOSMAIN|5792055|2086|2819123
EOSMAIN|5792009|2087|2819124
EOSMAIN|5791959|2088|2819125
EOSMAIN|5791928|2089|2819126
EOSMAIN|5791897|2090|2819127
EOSMAIN|5791877|2091|2819128
EOSMAIN|5791810|2092|2819129
EOSMAIN|5791736|2093|2819130
EOSMAIN|5791698|2094|2819131
EOSMAIN|5791640|2095|2819132
EOSMAIN|5791615|2096|2819133
EOSMAIN|5791596|2097|2819134
EOSMAIN|5791363|2098|2819135
EOSMAIN|5791332|2099|2819136
EOSMAIN|5791310|2100|2819137
