EOSMAIN|5513523|2401|2819438
EOSMAIN|5513488|2402|2819439
EOSMAIN|5513464|2403|2819440
EOSMAIN|5513438|2404|2819441
EOSMAIN|5513417|2405|2819442
EOSMAIN|5513384|2406|2819443
EOSMAIN|5513325|2407|2819444
EOSMAIN|5509422|2408|2819445
EOSMAIN|5509224|2409|2819446
EOSMAIN|5505861|2410|2819447
EOSMAIN|5502563|2411|2819448
EOSMAIN|5499514|2412|2819449
EOSMAIN|5498501|2413|2819450
EOSMAIN|5497412|2414|2819451
EOSMAIN|5489943|2415|2819452
EOSMAIN|5487312|2416|2819453
EOSMAIN|5487186|2417|2819454
EOSMAIN|5487164|2418|2819455
EOSMAIN|5487125|2419|2819456
EOSMAIN|5487063|2420|2819457
EOSMAIN|5487029|2421|2819458
EOSMAIN|5486978|2422|2819459
EOSMAIN|5486955|2423|2819460
EOSMAIN|5486922|2424|2819461
EOSMAIN|5481171|2425|2819462
EOSMAIN|5480623|2426|2819463
EOSMAIN|5476673|2427|2819464
EOSMAIN|5475853|2428|2819465
EOSMAIN|5475808|2429|2819466
EOSMAIN|5475790|2430|2819467
EOSMAIN|5475739|2431|2819468
EOSMAIN|5475712|2432|2819469
EOSMAIN|5475497|2433|2819470
EOSMAIN|5475476|2434|2819471
EOSMAIN|5475440|2435|2819472
EOSMAIN|5475404|2436|2819473
EOSMAIN|5475381|2437|2819474
EOSMAIN|5475347|2438|2819475
EOSMAIN|5475323|2439|2819476
EOSMAIN|5475300|2440|2819477
EOSMAIN|5475277|2441|2819478
EOSMAIN|5475254|2442|2819479
EOSMAIN|5475219|2443|2819480
EOSMAIN|5475197|2444|2819481
EOSMAIN|5468370|2445|2819482
EOSMAIN|5463780|2446|2819483
EOSMAIN|5463750|2447|2819484
EOSMAIN|5463720|2448|2819485
EOSMAIN|5463679|2449|2819486
EOSMAIN|5458879|2450|2819487
EOSMAIN|5458735|2451|2819488
EOSMAIN|5458693|2452|2819489
EOSMAIN|5458616|2453|2819490
EOSMAIN|5458595|2454|2819491
EOSMAIN|5456398|2455|2819492
EOSMAIN|5456352|2456|2819493
EOSMAIN|5454212|2457|2819494
EOSMAIN|5454174|2458|2819495
EOSMAIN|5454140|2459|2819496
EOSMAIN|5454095|2460|2819497
EOSMAIN|5454070|2461|2819498
EOSMAIN|5454049|2462|2819499
EOSMAIN|5454017|2463|2819500
EOSMAIN|5453994|2464|2819501
EOSMAIN|5453971|2465|2819502
EOSMAIN|5453948|2466|2819503
EOSMAIN|5447864|2467|2819504
EOSMAIN|5447832|2468|2819505
EOSMAIN|5447798|2469|2819506
EOSMAIN|5447779|2470|2819507
EOSMAIN|5447749|2471|2819508
EOSMAIN|5444135|2472|2819509
EOSMAIN|5444103|2473|2819510
EOSMAIN|5440799|2474|2819511
EOSMAIN|5440683|2475|2819512
EOSMAIN|5438655|2476|2819513
EOSMAIN|5438608|2477|2819514
EOSMAIN|5438581|2478|2819515
EOSMAIN|5438549|2479|2819516
EOSMAIN|5438522|2480|2819517
EOSMAIN|5438500|2481|2819518
EOSMAIN|5438479|2482|2819519
EOSMAIN|5434189|2483|2819520
EOSMAIN|5432591|2484|2819521
EOSMAIN|5432561|2485|2819522
EOSMAIN|5432107|2486|2819523
EOSMAIN|5432084|2487|2819524
EOSMAIN|5432063|2488|2819525
EOSMAIN|5429817|2489|2819526
EOSMAIN|5429757|2490|2819527
EOSMAIN|5429727|2491|2819528
EOSMAIN|5429708|2492|2819529
EOSMAIN|5429678|2493|2819530
EOSMAIN|5429648|2494|2819531
EOSMAIN|5429618|2495|2819532
EOSMAIN|5429554|2496|2819533
EOSMAIN|5429501|2497|2819534
EOSMAIN|5429445|2498|2819535
EOSMAIN|5428334|2499|2819536
EOSMAIN|5428313|2500|2819537
