EOSMAIN|5368798|2601|2819638
EOSMAIN|5368753|2602|2819639
EOSMAIN|5368721|2603|2819640
EOSMAIN|5365719|2604|2819641
EOSMAIN|5365258|2605|2819642
EOSMAIN|5364600|2606|2819643
EOSMAIN|5364555|2607|2819644
EOSMAIN|5364511|2608|2819645
EOSMAIN|5364455|2609|2819646
EOSMAIN|5364434|2610|2819647
EOSMAIN|5364413|2611|2819648
EOSMAIN|5364368|2612|2819649
EOSMAIN|5364347|2613|2819650
EOSMAIN|5364328|2614|2819651
EOSMAIN|5362625|2615|2819652
EOSMAIN|5362595|2616|2819653
EOSMAIN|5362565|2617|2819654
EOSMAIN|5362535|2618|2819655
EOSMAIN|5362505|2619|2819656
EOSMAIN|5362456|2620|2819657
EOSMAIN|5362425|2621|2819658
EOSMAIN|5362395|2622|2819659
EOSMAIN|5362365|2623|2819660
EOSMAIN|5362346|2624|2819661
EOSMAIN|5362315|2625|2819662
EOSMAIN|5362296|2626|2819663
EOSMAIN|5362265|2627|2819664
EOSMAIN|5360081|2628|2819665
EOSMAIN|5359522|2629|2819666
EOSMAIN|5359502|2630|2819667
EOSMAIN|5359450|2631|2819668
EOSMAIN|5359353|2632|2819669
EOSMAIN|5359288|2633|2819670
EOSMAIN|5358940|2634|2819671
EOSMAIN|5358880|2635|2819672
EOSMAIN|5358850|2636|2819673
EOSMAIN|5358820|2637|2819674
EOSMAIN|5358790|2638|2819675
EOSMAIN|5358762|2639|2819676
EOSMAIN|5358734|2640|2819677
EOSMAIN|5358704|2641|2819678
EOSMAIN|5358544|2642|2819679
EOSMAIN|5358501|2643|2819680
EOSMAIN|5358458|2644|2819681
EOSMAIN|5356986|2645|2819682
EOSMAIN|5356158|2646|2819683
EOSMAIN|5356111|2647|2819684
EOSMAIN|5356067|2648|2819685
EOSMAIN|5356033|2649|2819686
EOSMAIN|5356001|2650|2819687
EOSMAIN|5355981|2651|2819688
EOSMAIN|5354790|2652|2819689
EOSMAIN|5352115|2653|2819690
EOSMAIN|5352094|2654|2819691
EOSMAIN|5352062|2655|2819692
EOSMAIN|5352026|2656|2819693
EOSMAIN|5351981|2657|2819694
EOSMAIN|5351958|2658|2819695
EOSMAIN|5351939|2659|2819696
EOSMAIN|5351894|2660|2819697
EOSMAIN|5351850|2661|2819698
EOSMAIN|5341838|2662|2819699
EOSMAIN|5341807|2663|2819700
EOSMAIN|5341747|2664|2819701
EOSMAIN|5341716|2665|2819702
EOSMAIN|5341686|2666|2819703
EOSMAIN|5341638|2667|2819704
EOSMAIN|5341606|2668|2819705
EOSMAIN|5341570|2669|2819706
EOSMAIN|5341547|2670|2819707
EOSMAIN|5341526|2671|2819708
EOSMAIN|5341509|2672|2819709
EOSMAIN|5341486|2673|2819710
EOSMAIN|5341467|2674|2819711
EOSMAIN|5341448|2675|2819712
EOSMAIN|5341414|2676|2819713
EOSMAIN|5341377|2677|2819714
EOSMAIN|5340860|2678|2819715
EOSMAIN|5339866|2679|2819716
EOSMAIN|5334543|2680|2819717
EOSMAIN|5334468|2681|2819718
EOSMAIN|5334445|2682|2819719
EOSMAIN|5334357|2683|2819720
EOSMAIN|5334332|2684|2819721
EOSMAIN|5334298|2685|2819722
EOSMAIN|5334277|2686|2819723
EOSMAIN|5334233|2687|2819724
EOSMAIN|5334214|2688|2819725
EOSMAIN|5328768|2689|2819726
EOSMAIN|5325865|2690|2819727
EOSMAIN|5325835|2691|2819728
EOSMAIN|5325805|2692|2819729
EOSMAIN|5325775|2693|2819730
EOSMAIN|5325756|2694|2819731
EOSMAIN|5325726|2695|2819732
EOSMAIN|5325696|2696|2819733
EOSMAIN|5325666|2697|2819734
EOSMAIN|5325636|2698|2819735
EOSMAIN|5325587|2699|2819736
EOSMAIN|5325570|2700|2819737
