EOSMAIN|6426641|801|2817838
EOSMAIN|6425235|802|2817839
EOSMAIN|6424963|803|2817840
EOSMAIN|6416947|804|2817841
EOSMAIN|6416907|805|2817842
EOSMAIN|6416709|806|2817843
EOSMAIN|6403413|807|2817844
EOSMAIN|6369376|808|2817845
EOSMAIN|6359955|809|2817846
EOSMAIN|6323867|810|2817847
EOSMAIN|6323057|811|2817848
EOSMAIN|6291480|812|2817849
EOSMAIN|6290077|813|2817850
EOSMAIN|6289446|814|2817851
EOSMAIN|6288522|815|2817852
EOSMAIN|6288431|816|2817853
EOSMAIN|6286986|817|2817854
EOSMAIN|6264942|818|2817855
EOSMAIN|6264759|819|2817856
EOSMAIN|6257447|820|2817857
EOSMAIN|6257425|821|2817858
EOSMAIN|6257185|822|2817859
EOSMAIN|6257165|823|2817860
EOSMAIN|6257145|824|2817861
EOSMAIN|6257075|825|2817862
EOSMAIN|6242696|826|2817863
EOSMAIN|6242475|827|2817864
EOSMAIN|6239411|828|2817865
EOSMAIN|6228498|829|2817866
EOSMAIN|6228417|830|2817867
EOSMAIN|6228017|831|2817868
EOSMAIN|6227823|832|2817869
EOSMAIN|6227792|833|2817870
EOSMAIN|6219161|834|2817871
EOSMAIN|6216540|835|2817872
EOSMAIN|6209959|836|2817873
EOSMAIN|6197427|837|2817874
EOSMAIN|6197401|838|2817875
EOSMAIN|6196847|839|2817876
EOSMAIN|6195845|840|2817877
EOSMAIN|6194439|841|2817878
EOSMAIN|6191428|842|2817879
EOSMAIN|6191377|843|2817880
EOSMAIN|6191345|844|2817881
EOSMAIN|6189677|845|2817882
EOSMAIN|6186831|846|2817883
EOSMAIN|6157759|847|2817884
EOSMAIN|6138435|848|2817885
EOSMAIN|6135252|849|2817886
EOSMAIN|6135234|850|2817887
EOSMAIN|6135198|851|2817888
EOSMAIN|6067096|852|2817889
EOSMAIN|6067021|853|2817890
EOSMAIN|6064692|854|2817891
EOSMAIN|6047355|855|2817892
EOSMAIN|6047320|856|2817893
EOSMAIN|6047264|857|2817894
EOSMAIN|6016974|858|2817895
EOSMAIN|6003454|859|2817896
EOSMAIN|5992533|860|2817897
EOSMAIN|5992511|861|2817898
EOSMAIN|5992449|862|2817899
EOSMAIN|5992383|863|2817900
EOSMAIN|5991084|864|2817901
EOSMAIN|5990864|865|2817902
EOSMAIN|5989394|866|2817903
EOSMAIN|5989171|867|2817904
EOSMAIN|5989123|868|2817905
EOSMAIN|5988841|869|2817906
EOSMAIN|5970416|870|2817907
EOSMAIN|5970383|871|2817908
EOSMAIN|5969567|872|2817909
EOSMAIN|5968702|873|2817910
EOSMAIN|5965219|874|2817911
EOSMAIN|5965076|875|2817912
EOSMAIN|5911054|876|2817913
EOSMAIN|5904471|877|2817914
EOSMAIN|5899885|878|2817915
EOSMAIN|5891362|879|2817916
EOSMAIN|5888831|880|2817917
EOSMAIN|5888803|881|2817918
EOSMAIN|5888775|882|2817919
EOSMAIN|5888747|883|2817920
EOSMAIN|5878293|884|2817921
EOSMAIN|5873052|885|2817922
EOSMAIN|5870929|886|2817923
EOSMAIN|5870737|887|2817924
EOSMAIN|5870606|888|2817925
EOSMAIN|5859726|889|2817926
EOSMAIN|5856608|890|2817927
EOSMAIN|5842452|891|2817928
EOSMAIN|5832786|892|2817929
EOSMAIN|5829474|893|2817930
EOSMAIN|5829428|894|2817931
EOSMAIN|5827878|895|2817932
EOSMAIN|5822585|896|2817933
EOSMAIN|5821840|897|2817934
EOSMAIN|5821126|898|2817935
EOSMAIN|5816401|899|2817936
EOSMAIN|5816279|900|2817937
