EOSMAIN|5223697|701|2817738
EOSMAIN|5219200|702|2817739
EOSMAIN|5218918|703|2817740
EOSMAIN|5218436|704|2817741
EOSMAIN|5216558|705|2817742
EOSMAIN|5537557|706|2817743
EOSMAIN|5545149|707|2817744
EOSMAIN|5729446|708|2817745
EOSMAIN|5980277|709|2817746
EOSMAIN|5284359|710|2817747
EOSMAIN|5284392|711|2817748
EOSMAIN|5578847|712|2817749
EOSMAIN|6143578|713|2817750
EOSMAIN|22738944|714|2817751
EOSMAIN|22727091|715|2817752
EOSMAIN|22727174|716|2817753
EOSMAIN|6296923|717|2817754
EOSMAIN|6331341|718|2817755
EOSMAIN|22726579|719|2817756
EOSMAIN|22691792|720|2817757
EOSMAIN|22672961|721|2817758
EOSMAIN|22595161|722|2817759
EOSMAIN|22585839|723|2817760
EOSMAIN|22583446|724|2817761
EOSMAIN|22575185|725|2817762
EOSMAIN|22546533|726|2817763
EOSMAIN|22538210|727|2817764
EOSMAIN|22534376|728|2817765
EOSMAIN|22526169|729|2817766
EOSMAIN|22526143|730|2817767
EOSMAIN|22468586|731|2817768
EOSMAIN|22452000|732|2817769
EOSMAIN|22446489|733|2817770
EOSMAIN|22442878|734|2817771
EOSMAIN|22414913|735|2817772
EOSMAIN|22367899|736|2817773
EOSMAIN|22231737|737|2817774
EOSMAIN|22223804|738|2817775
EOSMAIN|22211698|739|2817776
EOSMAIN|22165736|740|2817777
EOSMAIN|22131155|741|2817778
EOSMAIN|20809436|742|2817779
EOSMAIN|20805280|743|2817780
EOSMAIN|20770418|744|2817781
EOSMAIN|20738441|745|2817782
EOSMAIN|20732684|746|2817783
EOSMAIN|20722381|747|2817784
EOSMAIN|20722217|748|2817785
EOSMAIN|19207506|749|2817786
EOSMAIN|19184641|750|2817787
EOSMAIN|19184202|751|2817788
EOSMAIN|19183654|752|2817789
EOSMAIN|19083913|753|2817790
EOSMAIN|17884473|754|2817791
EOSMAIN|17866775|755|2817792
EOSMAIN|17763044|756|2817793
EOSMAIN|17760969|757|2817794
EOSMAIN|17585059|758|2817795
EOSMAIN|17563006|759|2817796
EOSMAIN|17546217|760|2817797
EOSMAIN|17541729|761|2817798
EOSMAIN|17541429|762|2817799
EOSMAIN|17541034|763|2817800
EOSMAIN|17535491|764|2817801
EOSMAIN|17443727|765|2817802
EOSMAIN|17404507|766|2817803
EOSMAIN|17341827|767|2817804
EOSMAIN|17341777|768|2817805
EOSMAIN|17341650|769|2817806
EOSMAIN|17341428|770|2817807
EOSMAIN|13942977|771|2817808
EOSMAIN|12872117|772|2817809
EOSMAIN|12872035|773|2817810
EOSMAIN|12871040|774|2817811
EOSMAIN|12813971|775|2817812
EOSMAIN|12813915|776|2817813
EOSMAIN|12788412|777|2817814
EOSMAIN|12779391|778|2817815
EOSMAIN|12776732|779|2817816
EOSMAIN|12775432|780|2817817
EOSMAIN|11681426|781|2817818
EOSMAIN|9477249|782|2817819
EOSMAIN|9476730|783|2817820
EOSMAIN|9435037|784|2817821
EOSMAIN|9434956|785|2817822
EOSMAIN|6511244|786|2817823
EOSMAIN|6510204|787|2817824
EOSMAIN|6509898|788|2817825
EOSMAIN|6507775|789|2817826
EOSMAIN|6504554|790|2817827
EOSMAIN|6504403|791|2817828
EOSMAIN|6503462|792|2817829
EOSMAIN|6498678|793|2817830
EOSMAIN|6488545|794|2817831
EOSMAIN|6483936|795|2817832
EOSMAIN|6483468|796|2817833
EOSMAIN|6483079|797|2817834
EOSMAIN|6482831|798|2817835
EOSMAIN|6482065|799|2817836
EOSMAIN|6450713|800|2817837
