EOSMAIN|17545765|1301|2818338
EOSMAIN|17544980|1302|2818339
EOSMAIN|17544888|1303|2818340
EOSMAIN|17544803|1304|2818341
EOSMAIN|17544710|1305|2818342
EOSMAIN|17544640|1306|2818343
EOSMAIN|17544203|1307|2818344
EOSMAIN|17542779|1308|2818345
EOSMAIN|17542681|1309|2818346
EOSMAIN|17541911|1310|2818347
EOSMAIN|17541199|1311|2818348
EOSMAIN|17539872|1312|2818349
EOSMAIN|17539355|1313|2818350
EOSMAIN|17539173|1314|2818351
EOSMAIN|17539051|1315|2818352
EOSMAIN|17539012|1316|2818353
EOSMAIN|17538752|1317|2818354
EOSMAIN|17538380|1318|2818355
EOSMAIN|17538325|1319|2818356
EOSMAIN|17538301|1320|2818357
EOSMAIN|17538169|1321|2818358
EOSMAIN|17538053|1322|2818359
EOSMAIN|17534930|1323|2818360
EOSMAIN|17534075|1324|2818361
EOSMAIN|17470443|1325|2818362
EOSMAIN|17461035|1326|2818363
EOSMAIN|17460841|1327|2818364
EOSMAIN|17440793|1328|2818365
EOSMAIN|17440106|1329|2818366
EOSMAIN|17434709|1330|2818367
EOSMAIN|17434686|1331|2818368
EOSMAIN|17403603|1332|2818369
EOSMAIN|17403500|1333|2818370
EOSMAIN|17376824|1334|2818371
EOSMAIN|17341728|1335|2818372
EOSMAIN|17341603|1336|2818373
EOSMAIN|17341380|1337|2818374
EOSMAIN|17341333|1338|2818375
EOSMAIN|17341253|1339|2818376
EOSMAIN|17341222|1340|2818377
EOSMAIN|17314522|1341|2818378
EOSMAIN|17296618|1342|2818379
EOSMAIN|15101357|1343|2818380
EOSMAIN|13953767|1344|2818381
EOSMAIN|13943170|1345|2818382
EOSMAIN|13942825|1346|2818383
EOSMAIN|13942773|1347|2818384
EOSMAIN|13942690|1348|2818385
EOSMAIN|12872969|1349|2818386
EOSMAIN|12872663|1350|2818387
EOSMAIN|12872193|1351|2818388
EOSMAIN|12871859|1352|2818389
EOSMAIN|12871673|1353|2818390
EOSMAIN|12870370|1354|2818391
EOSMAIN|12870205|1355|2818392
EOSMAIN|12800945|1356|2818393
EOSMAIN|12794007|1357|2818394
EOSMAIN|12793980|1358|2818395
EOSMAIN|12793952|1359|2818396
EOSMAIN|12793925|1360|2818397
EOSMAIN|12789081|1361|2818398
EOSMAIN|12789030|1362|2818399
EOSMAIN|12788808|1363|2818400
EOSMAIN|12779488|1364|2818401
EOSMAIN|12779227|1365|2818402
EOSMAIN|12778989|1366|2818403
EOSMAIN|12778911|1367|2818404
EOSMAIN|12778402|1368|2818405
EOSMAIN|12778167|1369|2818406
EOSMAIN|12777787|1370|2818407
EOSMAIN|12777437|1371|2818408
EOSMAIN|12777321|1372|2818409
EOSMAIN|12777103|1373|2818410
EOSMAIN|12776894|1374|2818411
EOSMAIN|12776503|1375|2818412
EOSMAIN|12776327|1376|2818413
EOSMAIN|12776190|1377|2818414
EOSMAIN|12772268|1378|2818415
EOSMAIN|12772242|1379|2818416
EOSMAIN|12771797|1380|2818417
EOSMAIN|12771769|1381|2818418
EOSMAIN|12771712|1382|2818419
EOSMAIN|11696514|1383|2818420
EOSMAIN|11695786|1384|2818421
EOSMAIN|11692653|1385|2818422
EOSMAIN|11687797|1386|2818423
EOSMAIN|11687767|1387|2818424
EOSMAIN|11687607|1388|2818425
EOSMAIN|11686673|1389|2818426
EOSMAIN|9538150|1390|2818427
EOSMAIN|9533417|1391|2818428
EOSMAIN|9533270|1392|2818429
EOSMAIN|9508331|1393|2818430
EOSMAIN|9506979|1394|2818431
EOSMAIN|9493357|1395|2818432
EOSMAIN|9490578|1396|2818433
EOSMAIN|9478404|1397|2818434
EOSMAIN|9478312|1398|2818435
EOSMAIN|9477195|1399|2818436
EOSMAIN|9477138|1400|2818437
