EOSMAIN|5221485|2901|2819938
EOSMAIN|5221441|2902|2819939
EOSMAIN|5221392|2903|2819940
EOSMAIN|5221360|2904|2819941
EOSMAIN|5221329|2905|2819942
EOSMAIN|5221311|2906|2819943
EOSMAIN|5221282|2907|2819944
EOSMAIN|5221226|2908|2819945
EOSMAIN|5221207|2909|2819946
EOSMAIN|5221112|2910|2819947
EOSMAIN|5221092|2911|2819948
EOSMAIN|5221048|2912|2819949
EOSMAIN|5220974|2913|2819950
EOSMAIN|5220956|2914|2819951
EOSMAIN|5220925|2915|2819952
EOSMAIN|5220903|2916|2819953
EOSMAIN|5220861|2917|2819954
EOSMAIN|5220817|2918|2819955
EOSMAIN|5220799|2919|2819956
EOSMAIN|5220766|2920|2819957
EOSMAIN|5220746|2921|2819958
EOSMAIN|5220689|2922|2819959
EOSMAIN|5220671|2923|2819960
EOSMAIN|5220651|2924|2819961
EOSMAIN|5220633|2925|2819962
EOSMAIN|5220615|2926|2819963
EOSMAIN|5220582|2927|2819964
EOSMAIN|5220551|2928|2819965
EOSMAIN|5220522|2929|2819966
EOSMAIN|5220504|2930|2819967
EOSMAIN|5220473|2931|2819968
EOSMAIN|5220442|2932|2819969
EOSMAIN|5220409|2933|2819970
EOSMAIN|5220323|2934|2819971
EOSMAIN|5220305|2935|2819972
EOSMAIN|5220286|2936|2819973
EOSMAIN|5220242|2937|2819974
EOSMAIN|5220146|2938|2819975
EOSMAIN|5220127|2939|2819976
EOSMAIN|5220014|2940|2819977
EOSMAIN|5219985|2941|2819978
EOSMAIN|5219955|2942|2819979
EOSMAIN|5219888|2943|2819980
EOSMAIN|5219859|2944|2819981
EOSMAIN|5219804|2945|2819982
EOSMAIN|5219786|2946|2819983
EOSMAIN|5219736|2947|2819984
EOSMAIN|5219716|2948|2819985
EOSMAIN|5219685|2949|2819986
EOSMAIN|5219663|2950|2819987
EOSMAIN|5219595|2951|2819988
EOSMAIN|5219496|2952|2819989
EOSMAIN|5219423|2953|2819990
EOSMAIN|5219377|2954|2819991
EOSMAIN|5219358|2955|2819992
EOSMAIN|5219295|2956|2819993
EOSMAIN|5219264|2957|2819994
EOSMAIN|5219233|2958|2819995
EOSMAIN|5219215|2959|2819996
EOSMAIN|5219162|2960|2819997
EOSMAIN|5219144|2961|2819998
EOSMAIN|5219126|2962|2819999
EOSMAIN|5219108|2963|2820000
EOSMAIN|5219064|2964|2820001
EOSMAIN|5219002|2965|2820002
EOSMAIN|5218960|2966|2820003
EOSMAIN|5218858|2967|2820004
EOSMAIN|5218803|2968|2820005
EOSMAIN|5218783|2969|2820006
EOSMAIN|5218734|2970|2820007
EOSMAIN|5218701|2971|2820008
EOSMAIN|5218670|2972|2820009
EOSMAIN|5218641|2973|2820010
EOSMAIN|5218582|2974|2820011
EOSMAIN|5218553|2975|2820012
EOSMAIN|5218535|2976|2820013
EOSMAIN|5218516|2977|2820014
EOSMAIN|5218474|2978|2820015
EOSMAIN|5218454|2979|2820016
EOSMAIN|5218394|2980|2820017
EOSMAIN|5218324|2981|2820018
EOSMAIN|5218306|2982|2820019
EOSMAIN|5218275|2983|2820020
EOSMAIN|5218244|2984|2820021
EOSMAIN|5218225|2985|2820022
EOSMAIN|5218196|2986|2820023
EOSMAIN|5218176|2987|2820024
EOSMAIN|5218134|2988|2820025
EOSMAIN|5218104|2989|2820026
EOSMAIN|5218069|2990|2820027
EOSMAIN|5218005|2991|2820028
EOSMAIN|5217987|2992|2820029
EOSMAIN|5217945|2993|2820030
EOSMAIN|5217820|2994|2820031
EOSMAIN|5217744|2995|2820032
EOSMAIN|5217709|2996|2820033
EOSMAIN|5217680|2997|2820034
EOSMAIN|5217657|2998|2820035
EOSMAIN|5217599|2999|2820036
EOSMAIN|5217539|3000|2820037
