EOSMAIN|17627867|1|2817038
EOSMAIN|5725548|2|2817039
EOSMAIN|6457287|3|2817040
EOSMAIN|5312840|4|2817041
EOSMAIN|22529237|5|2817042
EOSMAIN|5403407|6|2817043
EOSMAIN|5532800|7|2817044
EOSMAIN|5119312|8|2817045
EOSMAIN|5216954|9|2817046
EOSMAIN|5176124|10|2817047
EOSMAIN|22665386|11|2817048
EOSMAIN|22601644|12|2817049
EOSMAIN|5403435|13|2817050
EOSMAIN|5701290|14|2817051
EOSMAIN|5779632|15|2817052
EOSMAIN|22677723|16|2817053
EOSMAIN|22601618|17|2817054
EOSMAIN|6191764|18|2817055
EOSMAIN|22587877|19|2817056
EOSMAIN|22520605|20|2817057
EOSMAIN|5931735|21|2817058
EOSMAIN|5312664|22|2817059
EOSMAIN|22666141|23|2817060
EOSMAIN|5216972|24|2817061
EOSMAIN|5765934|25|2817062
EOSMAIN|5833514|26|2817063
EOSMAIN|5222633|27|2817064
EOSMAIN|5223579|28|2817065
EOSMAIN|6135387|29|2817066
EOSMAIN|22727107|30|2817067
EOSMAIN|22711910|31|2817068
EOSMAIN|22589345|32|2817069
EOSMAIN|22588225|33|2817070
EOSMAIN|22401875|34|2817071
EOSMAIN|6293061|35|2817072
EOSMAIN|5806164|36|2817073
EOSMAIN|5765901|37|2817074
EOSMAIN|5512684|38|2817075
EOSMAIN|5216937|39|2817076
EOSMAIN|5222980|40|2817077
EOSMAIN|5694769|41|2817078
EOSMAIN|5445641|42|2817079
EOSMAIN|5048359|43|2817080
EOSMAIN|5936412|44|2817081
EOSMAIN|5960773|45|2817082
EOSMAIN|5966284|46|2817083
EOSMAIN|5834088|47|2817084
EOSMAIN|5856552|48|2817085
EOSMAIN|5176283|49|2817086
EOSMAIN|5222147|50|2817087
EOSMAIN|5222372|51|2817088
EOSMAIN|5222597|52|2817089
EOSMAIN|5162082|53|2817090
EOSMAIN|5499005|54|2817091
EOSMAIN|22671101|55|2817092
EOSMAIN|22514308|56|2817093
EOSMAIN|22466912|57|2817094
EOSMAIN|6483866|58|2817095
EOSMAIN|6425197|59|2817096
EOSMAIN|6292954|60|2817097
EOSMAIN|5670897|61|2817098
EOSMAIN|5176497|62|2817099
EOSMAIN|5704037|63|2817100
EOSMAIN|5222198|64|2817101
EOSMAIN|5222949|65|2817102
EOSMAIN|5157948|66|2817103
EOSMAIN|5670645|67|2817104
EOSMAIN|22666161|68|2817105
EOSMAIN|22665339|69|2817106
EOSMAIN|22519675|70|2817107
EOSMAIN|22234290|71|2817108
EOSMAIN|19184232|72|2817109
EOSMAIN|6201111|73|2817110
EOSMAIN|5738884|74|2817111
EOSMAIN|5352245|75|2817112
EOSMAIN|5284424|76|2817113
EOSMAIN|5216921|77|2817114
EOSMAIN|5194711|78|2817115
EOSMAIN|5176139|79|2817116
EOSMAIN|5403786|80|2817117
EOSMAIN|5797325|81|2817118
EOSMAIN|5222768|82|2817119
EOSMAIN|6482252|83|2817120
EOSMAIN|6158910|84|2817121
EOSMAIN|22727453|85|2817122
EOSMAIN|22568647|86|2817123
EOSMAIN|22516405|87|2817124
EOSMAIN|22511584|88|2817125
EOSMAIN|17344000|89|2817126
EOSMAIN|6201069|90|2817127
EOSMAIN|6041527|91|2817128
EOSMAIN|5825010|92|2817129
EOSMAIN|5466275|93|2817130
EOSMAIN|5369898|94|2817131
EOSMAIN|5341397|95|2817132
EOSMAIN|5216989|96|2817133
EOSMAIN|5576611|97|2817134
EOSMAIN|5176197|98|2817135
EOSMAIN|5967931|99|2817136
EOSMAIN|5222178|100|2817137
