EOSMAIN|17871911|301|2817338
EOSMAIN|15105601|302|2817339
EOSMAIN|13943332|303|2817340
EOSMAIN|12781383|304|2817341
EOSMAIN|9478376|305|2817342
EOSMAIN|9437338|306|2817343
EOSMAIN|8334824|307|2817344
EOSMAIN|8334789|308|2817345
EOSMAIN|6484026|309|2817346
EOSMAIN|6475328|310|2817347
EOSMAIN|6425216|311|2817348
EOSMAIN|6377061|312|2817349
EOSMAIN|6377032|313|2817350
EOSMAIN|6119277|314|2817351
EOSMAIN|6094204|315|2817352
EOSMAIN|6058514|316|2817353
EOSMAIN|5965055|317|2817354
EOSMAIN|5933125|318|2817355
EOSMAIN|5904965|319|2817356
EOSMAIN|5903427|320|2817357
EOSMAIN|5902941|321|2817358
EOSMAIN|5902920|322|2817359
EOSMAIN|5856531|323|2817360
EOSMAIN|5833962|324|2817361
EOSMAIN|5832851|325|2817362
EOSMAIN|5829401|326|2817363
EOSMAIN|5806122|327|2817364
EOSMAIN|5795487|328|2817365
EOSMAIN|5790193|329|2817366
EOSMAIN|5768603|330|2817367
EOSMAIN|5682523|331|2817368
EOSMAIN|5612748|332|2817369
EOSMAIN|5592027|333|2817370
EOSMAIN|5584424|334|2817371
EOSMAIN|5557403|335|2817372
EOSMAIN|5549970|336|2817373
EOSMAIN|5312784|337|2817374
EOSMAIN|5312707|338|2817375
EOSMAIN|5216856|339|2817376
EOSMAIN|5176511|340|2817377
EOSMAIN|5550746|341|2817378
EOSMAIN|5265456|342|2817379
EOSMAIN|5393299|343|2817380
EOSMAIN|5458506|344|2817381
EOSMAIN|5590110|345|2817382
EOSMAIN|5462743|346|2817383
EOSMAIN|5475770|347|2817384
EOSMAIN|17543017|348|2817385
EOSMAIN|17542970|349|2817386
EOSMAIN|6363424|350|2817387
EOSMAIN|6363392|351|2817388
EOSMAIN|6363360|352|2817389
EOSMAIN|6363328|353|2817390
EOSMAIN|6264881|354|2817391
EOSMAIN|6023188|355|2817392
EOSMAIN|17343964|356|2817393
EOSMAIN|22729232|357|2817394
EOSMAIN|22666878|358|2817395
EOSMAIN|22603861|359|2817396
EOSMAIN|22603828|360|2817397
EOSMAIN|22603143|361|2817398
EOSMAIN|22588240|362|2817399
EOSMAIN|22568741|363|2817400
EOSMAIN|22565983|364|2817401
EOSMAIN|22532705|365|2817402
EOSMAIN|22532691|366|2817403
EOSMAIN|22532678|367|2817404
EOSMAIN|22532651|368|2817405
EOSMAIN|22526156|369|2817406
EOSMAIN|22525265|370|2817407
EOSMAIN|22525253|371|2817408
EOSMAIN|22508860|372|2817409
EOSMAIN|22470193|373|2817410
EOSMAIN|22410636|374|2817411
EOSMAIN|22409002|375|2817412
EOSMAIN|22405017|376|2817413
EOSMAIN|22211651|377|2817414
EOSMAIN|20681647|378|2817415
EOSMAIN|17884215|379|2817416
EOSMAIN|17871595|380|2817417
EOSMAIN|17759901|381|2817418
EOSMAIN|17545823|382|2817419
EOSMAIN|17404532|383|2817420
EOSMAIN|17375285|384|2817421
EOSMAIN|17341311|385|2817422
EOSMAIN|12870626|386|2817423
EOSMAIN|12788487|387|2817424
EOSMAIN|12781482|388|2817425
EOSMAIN|12776146|389|2817426
EOSMAIN|12775238|390|2817427
EOSMAIN|6481798|391|2817428
EOSMAIN|6412431|392|2817429
EOSMAIN|6363530|393|2817430
EOSMAIN|6349038|394|2817431
EOSMAIN|6349019|395|2817432
EOSMAIN|6348999|396|2817433
EOSMAIN|6291499|397|2817434
EOSMAIN|6290058|398|2817435
EOSMAIN|6288681|399|2817436
EOSMAIN|6288541|400|2817437
