EOSMAIN|5222662|101|2817138
EOSMAIN|5222834|102|2817139
EOSMAIN|5440601|103|2817140
EOSMAIN|5335947|104|2817141
EOSMAIN|5268128|105|2817142
EOSMAIN|6061041|106|2817143
EOSMAIN|22558237|107|2817144
EOSMAIN|22520617|108|2817145
EOSMAIN|22443433|109|2817146
EOSMAIN|22235290|110|2817147
EOSMAIN|20687869|111|2817148
EOSMAIN|17759930|112|2817149
EOSMAIN|17575655|113|2817150
EOSMAIN|17341954|114|2817151
EOSMAIN|9435204|115|2817152
EOSMAIN|6482209|116|2817153
EOSMAIN|6067058|117|2817154
EOSMAIN|5862747|118|2817155
EOSMAIN|5806186|119|2817156
EOSMAIN|5176166|120|2817157
EOSMAIN|5281434|121|2817158
EOSMAIN|5368646|122|2817159
EOSMAIN|6008835|123|2817160
EOSMAIN|6009042|124|2817161
EOSMAIN|5222865|125|2817162
EOSMAIN|5223115|126|2817163
EOSMAIN|5223399|127|2817164
EOSMAIN|5216011|128|2817165
EOSMAIN|22820051|129|2817166
EOSMAIN|5162115|130|2817167
EOSMAIN|5838225|131|2817168
EOSMAIN|5487220|132|2817169
EOSMAIN|5487267|133|2817170
EOSMAIN|22603877|134|2817171
EOSMAIN|22588033|135|2817172
EOSMAIN|22585639|136|2817173
EOSMAIN|22531890|137|2817174
EOSMAIN|22525240|138|2817175
EOSMAIN|20676777|139|2817176
EOSMAIN|9476826|140|2817177
EOSMAIN|6512158|141|2817178
EOSMAIN|6373997|142|2817179
EOSMAIN|6285484|143|2817180
EOSMAIN|6242513|144|2817181
EOSMAIN|6189695|145|2817182
EOSMAIN|6064147|146|2817183
EOSMAIN|5832730|147|2817184
EOSMAIN|5789016|148|2817185
EOSMAIN|5742616|149|2817186
EOSMAIN|5695007|150|2817187
EOSMAIN|5645455|151|2817188
EOSMAIN|5639825|152|2817189
EOSMAIN|5574712|153|2817190
EOSMAIN|5458714|154|2817191
EOSMAIN|5440542|155|2817192
EOSMAIN|5439861|156|2817193
EOSMAIN|5425498|157|2817194
EOSMAIN|5416945|158|2817195
EOSMAIN|5410166|159|2817196
EOSMAIN|5334524|160|2817197
EOSMAIN|5047777|161|2817198
EOSMAIN|5963226|162|2817199
EOSMAIN|5217004|163|2817200
EOSMAIN|5260342|164|2817201
EOSMAIN|5260399|165|2817202
EOSMAIN|5265158|166|2817203
EOSMAIN|5297105|167|2817204
EOSMAIN|5323593|168|2817205
EOSMAIN|5493248|169|2817206
EOSMAIN|5545195|170|2817207
EOSMAIN|5908538|171|2817208
EOSMAIN|5216903|172|2817209
EOSMAIN|5222422|173|2817210
EOSMAIN|5222393|174|2817211
EOSMAIN|5222615|175|2817212
EOSMAIN|5222913|176|2817213
EOSMAIN|5223522|177|2817214
EOSMAIN|5445670|178|2817215
EOSMAIN|5487290|179|2817216
EOSMAIN|5530738|180|2817217
EOSMAIN|5796677|181|2817218
EOSMAIN|6224879|182|2817219
EOSMAIN|6499039|183|2817220
EOSMAIN|6242366|184|2817221
EOSMAIN|9434196|185|2817222
EOSMAIN|22199341|186|2817223
EOSMAIN|22727437|187|2817224
EOSMAIN|22731656|188|2817225
EOSMAIN|22727132|189|2817226
EOSMAIN|22585870|190|2817227
EOSMAIN|22543198|191|2817228
EOSMAIN|22532664|192|2817229
EOSMAIN|22526184|193|2817230
EOSMAIN|22520581|194|2817231
EOSMAIN|22515507|195|2817232
EOSMAIN|22443266|196|2817233
EOSMAIN|22331446|197|2817234
EOSMAIN|19184262|198|2817235
EOSMAIN|19127999|199|2817236
EOSMAIN|17759963|200|2817237
