EOSMAIN|6033809|1801|2818838
EOSMAIN|6033761|1802|2818839
EOSMAIN|6033711|1803|2818840
EOSMAIN|6033663|1804|2818841
EOSMAIN|6033637|1805|2818842
EOSMAIN|6033617|1806|2818843
EOSMAIN|6030683|1807|2818844
EOSMAIN|6030639|1808|2818845
EOSMAIN|6030339|1809|2818846
EOSMAIN|6026861|1810|2818847
EOSMAIN|6026792|1811|2818848
EOSMAIN|6026749|1812|2818849
EOSMAIN|6026715|1813|2818850
EOSMAIN|6026670|1814|2818851
EOSMAIN|6023116|1815|2818852
EOSMAIN|6022961|1816|2818853
EOSMAIN|6018968|1817|2818854
EOSMAIN|6018294|1818|2818855
EOSMAIN|6017039|1819|2818856
EOSMAIN|6016915|1820|2818857
EOSMAIN|6016841|1821|2818858
EOSMAIN|6016795|1822|2818859
EOSMAIN|6016760|1823|2818860
EOSMAIN|6016727|1824|2818861
EOSMAIN|6016675|1825|2818862
EOSMAIN|6008365|1826|2818863
EOSMAIN|6008317|1827|2818864
EOSMAIN|6008258|1828|2818865
EOSMAIN|6008179|1829|2818866
EOSMAIN|6008140|1830|2818867
EOSMAIN|6008103|1831|2818868
EOSMAIN|6008057|1832|2818869
EOSMAIN|6007996|1833|2818870
EOSMAIN|6007876|1834|2818871
EOSMAIN|6007842|1835|2818872
EOSMAIN|6002977|1836|2818873
EOSMAIN|6002099|1837|2818874
EOSMAIN|5992565|1838|2818875
EOSMAIN|5992473|1839|2818876
EOSMAIN|5992403|1840|2818877
EOSMAIN|5992333|1841|2818878
EOSMAIN|5991142|1842|2818879
EOSMAIN|5991110|1843|2818880
EOSMAIN|5991061|1844|2818881
EOSMAIN|5991026|1845|2818882
EOSMAIN|5990991|1846|2818883
EOSMAIN|5990930|1847|2818884
EOSMAIN|5989546|1848|2818885
EOSMAIN|5989514|1849|2818886
EOSMAIN|5989354|1850|2818887
EOSMAIN|5989328|1851|2818888
EOSMAIN|5989279|1852|2818889
EOSMAIN|5989229|1853|2818890
EOSMAIN|5989194|1854|2818891
EOSMAIN|5989028|1855|2818892
EOSMAIN|5988885|1856|2818893
EOSMAIN|5985965|1857|2818894
EOSMAIN|5985875|1858|2818895
EOSMAIN|5984260|1859|2818896
EOSMAIN|5981576|1860|2818897
EOSMAIN|5980009|1861|2818898
EOSMAIN|5979279|1862|2818899
EOSMAIN|5971836|1863|2818900
EOSMAIN|5971805|1864|2818901
EOSMAIN|5970971|1865|2818902
EOSMAIN|5970438|1866|2818903
EOSMAIN|5970337|1867|2818904
EOSMAIN|5970291|1868|2818905
EOSMAIN|5970258|1869|2818906
EOSMAIN|5970226|1870|2818907
EOSMAIN|5969536|1871|2818908
EOSMAIN|5969513|1872|2818909
EOSMAIN|5968961|1873|2818910
EOSMAIN|5968939|1874|2818911
EOSMAIN|5968889|1875|2818912
EOSMAIN|5968852|1876|2818913
EOSMAIN|5968826|1877|2818914
EOSMAIN|5968776|1878|2818915
EOSMAIN|5968748|1879|2818916
EOSMAIN|5968724|1880|2818917
EOSMAIN|5966333|1881|2818918
EOSMAIN|5966302|1882|2818919
EOSMAIN|5965184|1883|2818920
EOSMAIN|5965149|1884|2818921
EOSMAIN|5963295|1885|2818922
EOSMAIN|5963247|1886|2818923
EOSMAIN|5963205|1887|2818924
EOSMAIN|5963170|1888|2818925
EOSMAIN|5959677|1889|2818926
EOSMAIN|5959627|1890|2818927
EOSMAIN|5959566|1891|2818928
EOSMAIN|5959520|1892|2818929
EOSMAIN|5959492|1893|2818930
EOSMAIN|5959468|1894|2818931
EOSMAIN|5959433|1895|2818932
EOSMAIN|5957336|1896|2818933
EOSMAIN|5956152|1897|2818934
EOSMAIN|5956132|1898|2818935
EOSMAIN|5956112|1899|2818936
EOSMAIN|5956081|1900|2818937
