EOSMAIN|9438203|601|2817638
EOSMAIN|9436555|602|2817639
EOSMAIN|9434286|603|2817640
EOSMAIN|9432210|604|2817641
EOSMAIN|6511856|605|2817642
EOSMAIN|6511212|606|2817643
EOSMAIN|6497685|607|2817644
EOSMAIN|6486071|608|2817645
EOSMAIN|6483695|609|2817646
EOSMAIN|6482148|610|2817647
EOSMAIN|6439731|611|2817648
EOSMAIN|6434161|612|2817649
EOSMAIN|6425303|613|2817650
EOSMAIN|6377245|614|2817651
EOSMAIN|6372853|615|2817652
EOSMAIN|6369194|616|2817653
EOSMAIN|6363505|617|2817654
EOSMAIN|6335495|618|2817655
EOSMAIN|6323577|619|2817656
EOSMAIN|6323542|620|2817657
EOSMAIN|6308202|621|2817658
EOSMAIN|6285517|622|2817659
EOSMAIN|6257105|623|2817660
EOSMAIN|6240520|624|2817661
EOSMAIN|6227974|625|2817662
EOSMAIN|6212446|626|2817663
EOSMAIN|6197351|627|2817664
EOSMAIN|6197255|628|2817665
EOSMAIN|6196872|629|2817666
EOSMAIN|6194740|630|2817667
EOSMAIN|6191447|631|2817668
EOSMAIN|6135442|632|2817669
EOSMAIN|6135423|633|2817670
EOSMAIN|6135404|634|2817671
EOSMAIN|6135355|635|2817672
EOSMAIN|6135270|636|2817673
EOSMAIN|6103525|637|2817674
EOSMAIN|6100821|638|2817675
EOSMAIN|6100036|639|2817676
EOSMAIN|6072407|640|2817677
EOSMAIN|6030755|641|2817678
EOSMAIN|6026914|642|2817679
EOSMAIN|6026831|643|2817680
EOSMAIN|6026772|644|2817681
EOSMAIN|6023211|645|2817682
EOSMAIN|6006485|646|2817683
EOSMAIN|5990026|647|2817684
EOSMAIN|5989432|648|2817685
EOSMAIN|5988863|649|2817686
EOSMAIN|5979376|650|2817687
EOSMAIN|5965282|651|2817688
EOSMAIN|5964330|652|2817689
EOSMAIN|5952739|653|2817690
EOSMAIN|5934422|654|2817691
EOSMAIN|5893941|655|2817692
EOSMAIN|5878700|656|2817693
EOSMAIN|5863750|657|2817694
EOSMAIN|5858738|658|2817695
EOSMAIN|5851451|659|2817696
EOSMAIN|5835846|660|2817697
EOSMAIN|5827843|661|2817698
EOSMAIN|5827729|662|2817699
EOSMAIN|5820023|663|2817700
EOSMAIN|5816918|664|2817701
EOSMAIN|5816193|665|2817702
EOSMAIN|5814624|666|2817703
EOSMAIN|5794327|667|2817704
EOSMAIN|5791666|668|2817705
EOSMAIN|5788026|669|2817706
EOSMAIN|5768557|670|2817707
EOSMAIN|5757895|671|2817708
EOSMAIN|5729972|672|2817709
EOSMAIN|5725437|673|2817710
EOSMAIN|5716950|674|2817711
EOSMAIN|5713850|675|2817712
EOSMAIN|5594156|676|2817713
EOSMAIN|5586908|677|2817714
EOSMAIN|5556643|678|2817715
EOSMAIN|5531623|679|2817716
EOSMAIN|5523535|680|2817717
EOSMAIN|5523294|681|2817718
EOSMAIN|5486879|682|2817719
EOSMAIN|5475897|683|2817720
EOSMAIN|5475644|684|2817721
EOSMAIN|5447909|685|2817722
EOSMAIN|5432703|686|2817723
EOSMAIN|5416136|687|2817724
EOSMAIN|5359572|688|2817725
EOSMAIN|5358959|689|2817726
EOSMAIN|5358417|690|2817727
EOSMAIN|5334389|691|2817728
EOSMAIN|5334182|692|2817729
EOSMAIN|5305660|693|2817730
EOSMAIN|5305239|694|2817731
EOSMAIN|5305208|695|2817732
EOSMAIN|5298994|696|2817733
EOSMAIN|5298899|697|2817734
EOSMAIN|5283500|698|2817735
EOSMAIN|5270807|699|2817736
EOSMAIN|5270573|700|2817737
