EOSMAIN|5049743|3101|2820138
EOSMAIN|5049715|3102|2820139
EOSMAIN|5049687|3103|2820140
EOSMAIN|5049659|3104|2820141
EOSMAIN|5049631|3105|2820142
EOSMAIN|5049602|3106|2820143
EOSMAIN|5049572|3107|2820144
EOSMAIN|5049544|3108|2820145
EOSMAIN|5049516|3109|2820146
EOSMAIN|5049488|3110|2820147
EOSMAIN|5049432|3111|2820148
EOSMAIN|5049385|3112|2820149
EOSMAIN|5049366|3113|2820150
EOSMAIN|5049293|3114|2820151
EOSMAIN|5049262|3115|2820152
EOSMAIN|5049244|3116|2820153
EOSMAIN|5049156|3117|2820154
EOSMAIN|5049127|3118|2820155
EOSMAIN|5049097|3119|2820156
EOSMAIN|5049036|3120|2820157
EOSMAIN|5049005|3121|2820158
EOSMAIN|5048953|3122|2820159
EOSMAIN|5048896|3123|2820160
EOSMAIN|5048866|3124|2820161
EOSMAIN|5048809|3125|2820162
EOSMAIN|5048754|3126|2820163
EOSMAIN|5048737|3127|2820164
EOSMAIN|5048701|3128|2820165
EOSMAIN|5048681|3129|2820166
EOSMAIN|5048660|3130|2820167
EOSMAIN|5048617|3131|2820168
EOSMAIN|5048587|3132|2820169
EOSMAIN|5048557|3133|2820170
EOSMAIN|5048501|3134|2820171
EOSMAIN|5048455|3135|2820172
EOSMAIN|5048434|3136|2820173
EOSMAIN|5048376|3137|2820174
EOSMAIN|5048339|3138|2820175
EOSMAIN|5048319|3139|2820176
EOSMAIN|5048277|3140|2820177
EOSMAIN|5048246|3141|2820178
EOSMAIN|5048215|3142|2820179
EOSMAIN|5048195|3143|2820180
EOSMAIN|5048164|3144|2820181
EOSMAIN|5048120|3145|2820182
EOSMAIN|5048089|3146|2820183
EOSMAIN|5048034|3147|2820184
EOSMAIN|5048005|3148|2820185
EOSMAIN|5047989|3149|2820186
EOSMAIN|5040652|3150|2820187
EOSMAIN|5040397|3151|2820188
EOSMAIN|5031026|3152|2820189
EOSMAIN|5027306|3153|2820190
