EOSMAIN|6418149|1501|2818538
EOSMAIN|6417548|1502|2818539
EOSMAIN|6417156|1503|2818540
EOSMAIN|6417127|1504|2818541
EOSMAIN|6417087|1505|2818542
EOSMAIN|6416847|1506|2818543
EOSMAIN|6416747|1507|2818544
EOSMAIN|6416682|1508|2818545
EOSMAIN|6412450|1509|2818546
EOSMAIN|6412323|1510|2818547
EOSMAIN|6412152|1511|2818548
EOSMAIN|6406077|1512|2818549
EOSMAIN|6402982|1513|2818550
EOSMAIN|6400252|1514|2818551
EOSMAIN|6399895|1515|2818552
EOSMAIN|6399874|1516|2818553
EOSMAIN|6399684|1517|2818554
EOSMAIN|6398935|1518|2818555
EOSMAIN|6398894|1519|2818556
EOSMAIN|6398716|1520|2818557
EOSMAIN|6398678|1521|2818558
EOSMAIN|6398577|1522|2818559
EOSMAIN|6398541|1523|2818560
EOSMAIN|6398494|1524|2818561
EOSMAIN|6397964|1525|2818562
EOSMAIN|6397929|1526|2818563
EOSMAIN|6397516|1527|2818564
EOSMAIN|6397102|1528|2818565
EOSMAIN|6396578|1529|2818566
EOSMAIN|6388073|1530|2818567
EOSMAIN|6386687|1531|2818568
EOSMAIN|6386649|1532|2818569
EOSMAIN|6386576|1533|2818570
EOSMAIN|6385277|1534|2818571
EOSMAIN|6379822|1535|2818572
EOSMAIN|6379777|1536|2818573
EOSMAIN|6379051|1537|2818574
EOSMAIN|6378728|1538|2818575
EOSMAIN|6378665|1539|2818576
EOSMAIN|6378616|1540|2818577
EOSMAIN|6378395|1541|2818578
EOSMAIN|6378314|1542|2818579
EOSMAIN|6378176|1543|2818580
EOSMAIN|6378062|1544|2818581
EOSMAIN|6378035|1545|2818582
EOSMAIN|6376959|1546|2818583
EOSMAIN|6376788|1547|2818584
EOSMAIN|6372821|1548|2818585
EOSMAIN|6372736|1549|2818586
EOSMAIN|6371199|1550|2818587
EOSMAIN|6370524|1551|2818588
EOSMAIN|6369653|1552|2818589
EOSMAIN|6369414|1553|2818590
EOSMAIN|6369394|1554|2818591
EOSMAIN|6369346|1555|2818592
EOSMAIN|6369324|1556|2818593
EOSMAIN|6369292|1557|2818594
EOSMAIN|6369260|1558|2818595
EOSMAIN|6369029|1559|2818596
EOSMAIN|6368845|1560|2818597
EOSMAIN|6368755|1561|2818598
EOSMAIN|6368728|1562|2818599
EOSMAIN|6363570|1563|2818600
EOSMAIN|6363550|1564|2818601
EOSMAIN|6363484|1565|2818602
EOSMAIN|6363464|1566|2818603
EOSMAIN|6363443|1567|2818604
EOSMAIN|6363277|1568|2818605
EOSMAIN|6363239|1569|2818606
EOSMAIN|6363201|1570|2818607
EOSMAIN|6363115|1571|2818608
EOSMAIN|6363064|1572|2818609
EOSMAIN|6362953|1573|2818610
EOSMAIN|6362926|1574|2818611
EOSMAIN|6362890|1575|2818612
EOSMAIN|6362852|1576|2818613
EOSMAIN|6362825|1577|2818614
EOSMAIN|6362748|1578|2818615
EOSMAIN|6362638|1579|2818616
EOSMAIN|6362607|1580|2818617
EOSMAIN|6362531|1581|2818618
EOSMAIN|6362495|1582|2818619
EOSMAIN|6362368|1583|2818620
EOSMAIN|6362293|1584|2818621
EOSMAIN|6362274|1585|2818622
EOSMAIN|6362237|1586|2818623
EOSMAIN|6359812|1587|2818624
EOSMAIN|6357736|1588|2818625
EOSMAIN|6348979|1589|2818626
EOSMAIN|6348959|1590|2818627
EOSMAIN|6348939|1591|2818628
EOSMAIN|6348880|1592|2818629
EOSMAIN|6344113|1593|2818630
EOSMAIN|6339405|1594|2818631
EOSMAIN|6339163|1595|2818632
EOSMAIN|6329088|1596|2818633
EOSMAIN|6328802|1597|2818634
EOSMAIN|6325044|1598|2818635
EOSMAIN|6324035|1599|2818636
EOSMAIN|6323993|1600|2818637
