EOSMAIN|5791288|2101|2819138
EOSMAIN|5791245|2102|2819139
EOSMAIN|5791208|2103|2819140
EOSMAIN|5791147|2104|2819141
EOSMAIN|5791127|2105|2819142
EOSMAIN|5791090|2106|2819143
EOSMAIN|5791016|2107|2819144
EOSMAIN|5790992|2108|2819145
EOSMAIN|5790943|2109|2819146
EOSMAIN|5790831|2110|2819147
EOSMAIN|5790797|2111|2819148
EOSMAIN|5790751|2112|2819149
EOSMAIN|5790727|2113|2819150
EOSMAIN|5790655|2114|2819151
EOSMAIN|5790583|2115|2819152
EOSMAIN|5790496|2116|2819153
EOSMAIN|5790475|2117|2819154
EOSMAIN|5790384|2118|2819155
EOSMAIN|5790299|2119|2819156
EOSMAIN|5790214|2120|2819157
EOSMAIN|5790159|2121|2819158
EOSMAIN|5775596|2122|2819159
EOSMAIN|5775563|2123|2819160
EOSMAIN|5775516|2124|2819161
EOSMAIN|5775447|2125|2819162
EOSMAIN|5775342|2126|2819163
EOSMAIN|5775309|2127|2819164
EOSMAIN|5775270|2128|2819165
EOSMAIN|5775229|2129|2819166
EOSMAIN|5775206|2130|2819167
EOSMAIN|5775174|2131|2819168
EOSMAIN|5775150|2132|2819169
EOSMAIN|5775104|2133|2819170
EOSMAIN|5775081|2134|2819171
EOSMAIN|5775058|2135|2819172
EOSMAIN|5775024|2136|2819173
EOSMAIN|5774891|2137|2819174
EOSMAIN|5773008|2138|2819175
EOSMAIN|5769467|2139|2819176
EOSMAIN|5769427|2140|2819177
EOSMAIN|5768806|2141|2819178
EOSMAIN|5768756|2142|2819179
EOSMAIN|5768720|2143|2819180
EOSMAIN|5768527|2144|2819181
EOSMAIN|5758981|2145|2819182
EOSMAIN|5757934|2146|2819183
EOSMAIN|5757869|2147|2819184
EOSMAIN|5756982|2148|2819185
EOSMAIN|5753443|2149|2819186
EOSMAIN|5749766|2150|2819187
EOSMAIN|5749744|2151|2819188
EOSMAIN|5745674|2152|2819189
EOSMAIN|5744259|2153|2819190
EOSMAIN|5739001|2154|2819191
EOSMAIN|5738982|2155|2819192
EOSMAIN|5738963|2156|2819193
EOSMAIN|5738927|2157|2819194
EOSMAIN|5738905|2158|2819195
EOSMAIN|5738647|2159|2819196
EOSMAIN|5738537|2160|2819197
EOSMAIN|5738515|2161|2819198
EOSMAIN|5738467|2162|2819199
EOSMAIN|5738408|2163|2819200
EOSMAIN|5738312|2164|2819201
EOSMAIN|5738275|2165|2819202
EOSMAIN|5733202|2166|2819203
EOSMAIN|5726722|2167|2819204
EOSMAIN|5725840|2168|2819205
EOSMAIN|5725389|2169|2819206
EOSMAIN|5720042|2170|2819207
EOSMAIN|5704896|2171|2819208
EOSMAIN|5704862|2172|2819209
EOSMAIN|5703032|2173|2819210
EOSMAIN|5697080|2174|2819211
EOSMAIN|5697034|2175|2819212
EOSMAIN|5697010|2176|2819213
EOSMAIN|5696951|2177|2819214
EOSMAIN|5696852|2178|2819215
EOSMAIN|5682497|2179|2819216
EOSMAIN|5682473|2180|2819217
EOSMAIN|5682436|2181|2819218
EOSMAIN|5682362|2182|2819219
EOSMAIN|5682338|2183|2819220
EOSMAIN|5682303|2184|2819221
EOSMAIN|5681836|2185|2819222
EOSMAIN|5681556|2186|2819223
EOSMAIN|5671581|2187|2819224
EOSMAIN|5671516|2188|2819225
EOSMAIN|5671494|2189|2819226
EOSMAIN|5669776|2190|2819227
EOSMAIN|5668032|2191|2819228
EOSMAIN|5666308|2192|2819229
EOSMAIN|5665033|2193|2819230
EOSMAIN|5665007|2194|2819231
EOSMAIN|5661798|2195|2819232
EOSMAIN|5661774|2196|2819233
EOSMAIN|5660737|2197|2819234
EOSMAIN|5660139|2198|2819235
EOSMAIN|5660080|2199|2819236
EOSMAIN|5660046|2200|2819237
