EOSMAIN|5217508|3001|2820038
EOSMAIN|5217466|3002|2820039
EOSMAIN|5217437|3003|2820040
EOSMAIN|5217408|3004|2820041
EOSMAIN|5217362|3005|2820042
EOSMAIN|5217333|3006|2820043
EOSMAIN|5217313|3007|2820044
EOSMAIN|5217296|3008|2820045
EOSMAIN|5217278|3009|2820046
EOSMAIN|5217260|3010|2820047
EOSMAIN|5217187|3011|2820048
EOSMAIN|5217158|3012|2820049
EOSMAIN|5217140|3013|2820050
EOSMAIN|5217109|3014|2820051
EOSMAIN|5216887|3015|2820052
EOSMAIN|5216871|3016|2820053
EOSMAIN|5216840|3017|2820054
EOSMAIN|5216811|3018|2820055
EOSMAIN|5216796|3019|2820056
EOSMAIN|5216752|3020|2820057
EOSMAIN|5216734|3021|2820058
EOSMAIN|5216717|3022|2820059
EOSMAIN|5216699|3023|2820060
EOSMAIN|5216657|3024|2820061
EOSMAIN|5216587|3025|2820062
EOSMAIN|5216540|3026|2820063
EOSMAIN|5216524|3027|2820064
EOSMAIN|5216508|3028|2820065
EOSMAIN|5216491|3029|2820066
EOSMAIN|5216462|3030|2820067
EOSMAIN|5216433|3031|2820068
EOSMAIN|5216404|3032|2820069
EOSMAIN|5216362|3033|2820070
EOSMAIN|5216345|3034|2820071
EOSMAIN|5216328|3035|2820072
EOSMAIN|5216299|3036|2820073
EOSMAIN|5216283|3037|2820074
EOSMAIN|5216254|3038|2820075
EOSMAIN|5216236|3039|2820076
EOSMAIN|5216218|3040|2820077
EOSMAIN|5216200|3041|2820078
EOSMAIN|5216182|3042|2820079
EOSMAIN|5216153|3043|2820080
EOSMAIN|5216135|3044|2820081
EOSMAIN|5216117|3045|2820082
EOSMAIN|5216088|3046|2820083
EOSMAIN|5216072|3047|2820084
EOSMAIN|5216043|3048|2820085
EOSMAIN|5215956|3049|2820086
EOSMAIN|5215927|3050|2820087
EOSMAIN|5215899|3051|2820088
EOSMAIN|5215854|3052|2820089
EOSMAIN|5215784|3053|2820090
EOSMAIN|5215741|3054|2820091
EOSMAIN|5215713|3055|2820092
EOSMAIN|5213331|3056|2820093
EOSMAIN|5213071|3057|2820094
EOSMAIN|5207249|3058|2820095
EOSMAIN|5204086|3059|2820096
EOSMAIN|5200113|3060|2820097
EOSMAIN|5152770|3061|2820098
EOSMAIN|5152117|3062|2820099
EOSMAIN|5146000|3063|2820100
EOSMAIN|5140523|3064|2820101
EOSMAIN|5137881|3065|2820102
EOSMAIN|5128314|3066|2820103
EOSMAIN|5128267|3067|2820104
EOSMAIN|5128238|3068|2820105
EOSMAIN|5114179|3069|2820106
EOSMAIN|5110654|3070|2820107
EOSMAIN|5110527|3071|2820108
EOSMAIN|5110498|3072|2820109
EOSMAIN|5110283|3073|2820110
EOSMAIN|5110078|3074|2820111
EOSMAIN|5095962|3075|2820112
EOSMAIN|5095901|3076|2820113
EOSMAIN|5093641|3077|2820114
EOSMAIN|5081934|3078|2820115
EOSMAIN|5073450|3079|2820116
EOSMAIN|5073054|3080|2820117
EOSMAIN|5071144|3081|2820118
EOSMAIN|5066942|3082|2820119
EOSMAIN|5066767|3083|2820120
EOSMAIN|5061272|3084|2820121
EOSMAIN|5059017|3085|2820122
EOSMAIN|5058965|3086|2820123
EOSMAIN|5058944|3087|2820124
EOSMAIN|5058923|3088|2820125
EOSMAIN|5058891|3089|2820126
EOSMAIN|5056890|3090|2820127
EOSMAIN|5056307|3091|2820128
EOSMAIN|5055173|3092|2820129
EOSMAIN|5050306|3093|2820130
EOSMAIN|5049962|3094|2820131
EOSMAIN|5049932|3095|2820132
EOSMAIN|5049874|3096|2820133
EOSMAIN|5049844|3097|2820134
EOSMAIN|5049827|3098|2820135
EOSMAIN|5049799|3099|2820136
EOSMAIN|5049771|3100|2820137
