EOSMAIN|5550630|2301|2819338
EOSMAIN|5547254|2302|2819339
EOSMAIN|5545571|2303|2819340
EOSMAIN|5545540|2304|2819341
EOSMAIN|5545515|2305|2819342
EOSMAIN|5544863|2306|2819343
EOSMAIN|5544707|2307|2819344
EOSMAIN|5544660|2308|2819345
EOSMAIN|5544613|2309|2819346
EOSMAIN|5544574|2310|2819347
EOSMAIN|5544552|2311|2819348
EOSMAIN|5544517|2312|2819349
EOSMAIN|5544495|2313|2819350
EOSMAIN|5544412|2314|2819351
EOSMAIN|5544364|2315|2819352
EOSMAIN|5544228|2316|2819353
EOSMAIN|5544207|2317|2819354
EOSMAIN|5544060|2318|2819355
EOSMAIN|5542933|2319|2819356
EOSMAIN|5535399|2320|2819357
EOSMAIN|5534138|2321|2819358
EOSMAIN|5533351|2322|2819359
EOSMAIN|5533331|2323|2819360
EOSMAIN|5533300|2324|2819361
EOSMAIN|5533269|2325|2819362
EOSMAIN|5533249|2326|2819363
EOSMAIN|5533218|2327|2819364
EOSMAIN|5533187|2328|2819365
EOSMAIN|5533156|2329|2819366
EOSMAIN|5533125|2330|2819367
EOSMAIN|5533105|2331|2819368
EOSMAIN|5533085|2332|2819369
EOSMAIN|5533054|2333|2819370
EOSMAIN|5533034|2334|2819371
EOSMAIN|5533014|2335|2819372
EOSMAIN|5532983|2336|2819373
EOSMAIN|5532952|2337|2819374
EOSMAIN|5532932|2338|2819375
EOSMAIN|5532901|2339|2819376
EOSMAIN|5532881|2340|2819377
EOSMAIN|5532850|2341|2819378
EOSMAIN|5532816|2342|2819379
EOSMAIN|5532784|2343|2819380
EOSMAIN|5531586|2344|2819381
EOSMAIN|5531551|2345|2819382
EOSMAIN|5531525|2346|2819383
EOSMAIN|5531488|2347|2819384
EOSMAIN|5531416|2348|2819385
EOSMAIN|5531394|2349|2819386
EOSMAIN|5531368|2350|2819387
EOSMAIN|5531306|2351|2819388
EOSMAIN|5531271|2352|2819389
EOSMAIN|5531249|2353|2819390
EOSMAIN|5531212|2354|2819391
EOSMAIN|5531022|2355|2819392
EOSMAIN|5529263|2356|2819393
EOSMAIN|5527229|2357|2819394
EOSMAIN|5527209|2358|2819395
EOSMAIN|5527164|2359|2819396
EOSMAIN|5527143|2360|2819397
EOSMAIN|5527111|2361|2819398
EOSMAIN|5527089|2362|2819399
EOSMAIN|5527066|2363|2819400
EOSMAIN|5527034|2364|2819401
EOSMAIN|5527013|2365|2819402
EOSMAIN|5526939|2366|2819403
EOSMAIN|5526907|2367|2819404
EOSMAIN|5526873|2368|2819405
EOSMAIN|5526802|2369|2819406
EOSMAIN|5526707|2370|2819407
EOSMAIN|5526673|2371|2819408
EOSMAIN|5523496|2372|2819409
EOSMAIN|5523391|2373|2819410
EOSMAIN|5523354|2374|2819411
EOSMAIN|5523269|2375|2819412
EOSMAIN|5523247|2376|2819413
EOSMAIN|5523171|2377|2819414
EOSMAIN|5523121|2378|2819415
EOSMAIN|5523097|2379|2819416
EOSMAIN|5523062|2380|2819417
EOSMAIN|5521957|2381|2819418
EOSMAIN|5521920|2382|2819419
EOSMAIN|5521883|2383|2819420
EOSMAIN|5521800|2384|2819421
EOSMAIN|5521727|2385|2819422
EOSMAIN|5519397|2386|2819423
EOSMAIN|5519275|2387|2819424
EOSMAIN|5516893|2388|2819425
EOSMAIN|5514822|2389|2819426
EOSMAIN|5514098|2390|2819427
EOSMAIN|5514024|2391|2819428
EOSMAIN|5513981|2392|2819429
EOSMAIN|5513957|2393|2819430
EOSMAIN|5513887|2394|2819431
EOSMAIN|5513841|2395|2819432
EOSMAIN|5513819|2396|2819433
EOSMAIN|5513700|2397|2819434
EOSMAIN|5513667|2398|2819435
EOSMAIN|5513605|2399|2819436
EOSMAIN|5513549|2400|2819437
